Category,IRLED,REDLED,HEARTRATE,OXYGEN,FEATURE1,FEATURE2,FEATURE3
ppg,0.2673988552619308,0.2736189176453479,86.0,96.0,0.006220062383417102,0.0012858658027251058,0.0014359771441311286
ppg,0.2680111723108475,0.274402177905783,86.0,96.0,0.006391005594935495,0.0006123170489166774,0.0007832602604350702
ppg,0.2692358064086809,0.2732272875151303,86.0,96.0,0.003991481106449424,0.0012246340978334103,0.0011748903906526609
ppg,0.2713176843749978,0.275707611673175,86.0,96.0,0.004389927298177165,0.002081877966316925,0.0024803241580446667
ppg,0.2734607940462063,0.2771435888173061,86.0,96.0,0.0036827947710997844,0.0021431096712085096,0.0014359771441311286
ppg,0.2734607940462063,0.2771435888173061,86.0,96.0,0.0036827947710997844,0.0,0.0
ppg,0.2756039037174148,0.2776657623242629,86.0,96.0,0.0020618586068480993,0.002143109671208454,0.000522173506956769
ppg,0.2780531719130817,0.2793628262218723,86.0,96.0,0.0013096543087905976,0.0024492681956669315,0.0016970638976094299
ppg,0.2807473669283152,0.2801460864823075,86.0,96.0,0.0006012804460077126,0.0026941950152334915,0.0007832602604351813
ppg,0.2829517083044154,0.2835402142775265,86.0,96.0,0.0005885059731111086,0.002204341376100205,0.0033941277952190263
ppg,0.2850948179756239,0.2838013010310049,86.0,96.0,0.0012935169446189887,0.0021431096712085096,0.00026108675347841226
ppg,0.2885850251544493,0.2869343420727455,86.0,96.0,0.0016506830817037965,0.0034902071788253664,0.0031330410417405585
ppg,0.2914629152843578,0.2896757529842686,86.0,96.0,0.0017871623000891845,0.0028778901299085224,0.0027414109115231344
ppg,0.2948918907582915,0.2932004241562267,86.0,96.0,0.0016914666020647617,0.003428975473933671,0.0035246711719580937
ppg,0.2983208662322251,0.2965945519514458,86.0,96.0,0.0017263142807792953,0.0034289754739336153,0.003394127795219082
ppg,0.3023009270501837,0.3010330267605783,86.0,96.0,0.0012679002896053837,0.003980060817958597,0.004438474809132509
ppg,0.3066483780974924,0.3046882413092757,86.0,96.0,0.0019601367882167153,0.004347451047308715,0.003655214548697383
ppg,0.3094038048176177,0.3065158485836244,86.0,96.0,0.002887956233993294,0.002755426720125298,0.0018276072743487193
ppg,0.3129552437013346,0.3093878028718867,86.0,96.0,0.0035674408294478765,0.0035514388837168953,0.002871954288262313
ppg,0.3156494387165682,0.3133041041740624,86.0,96.0,0.0023453345425057948,0.0026941950152336025,0.003916301302175684
ppg,0.3186497922562601,0.3161760584623247,86.0,96.0,0.0024737337939353954,0.0030003535396919134,0.002871954288262313
ppg,0.3222624628448687,0.3182647524901518,86.0,96.0,0.00399771035471691,0.003612670588608591,0.002088694027827076
ppg,0.3267323773019608,0.3208756200249357,86.0,96.0,0.005856757277025115,0.004469914457092106,0.0026108675347839005
ppg,0.3289979503829526,0.3249224647038506,86.0,96.0,0.004075485679101987,0.0022655730809917896,0.004046844678914918
ppg,0.2516010753998795,0.2416357903442457,86.0,97.0,0.009965285055633821,0.07739687498307307,0.0832866743596049
ppg,0.2557035996276215,0.2439855711255511,86.0,97.0,0.011718028502070404,0.004102524227741988,0.002349780781305405
ppg,0.2604184409042802,0.2469880687905525,86.0,97.0,0.01343037211372769,0.004714841276658666,0.00300249766500138
ppg,0.2645821968369139,0.2536457810042514,86.0,97.0,0.010936415832662527,0.004163755932633739,0.006657712213698902
ppg,0.2681948674255225,0.2565177352925136,86.0,97.0,0.011677132133008916,0.003612670588608591,0.0028719542882622018
ppg,0.2732158672266396,0.2620005571155597,86.0,97.0,0.011215310111079901,0.0050209998011170875,0.005482821823046102
ppg,0.2767673061103566,0.2650030547805612,86.0,97.0,0.011764251329795417,0.0035514388837170063,0.003002497665001491
ppg,0.2799513547647235,0.2669612054316491,86.0,97.0,0.012990149333074408,0.003184048654366889,0.0019581506510878977
ppg,0.2837477204680072,0.270355333226868,86.0,97.0,0.013392387241139225,0.003796365703283733,0.0033941277952189153
ppg,0.2837477204680072,0.270355333226868,86.0,97.0,0.013392387241139225,0.0,0.0
ppg,0.2863194520734574,0.2724440272546951,86.0,97.0,0.013875424818762305,0.002571731605450156,0.002088694027827076
ppg,0.2892585739082576,0.2759686984266533,86.0,97.0,0.013289875481604319,0.002939121834800218,0.0035246711719582047
ppg,0.2925650859724079,0.2781879358312196,86.0,97.0,0.014377150141188288,0.00330651206415028,0.00221923740456631
ppg,0.2948918907582915,0.2801460864823075,86.0,97.0,0.014745804275983987,0.002326804785883596,0.0019581506510878977
ppg,0.2980759394126584,0.283148584147309,86.0,97.0,0.01492735526534944,0.0031840486543669444,0.003002497665001491
ppg,0.3011987563621336,0.2847151046681793,86.0,97.0,0.016483651693954327,0.0031228169494751934,0.001566520520870307
ppg,0.3035867928529088,0.2871954288262239,86.0,97.0,0.016391364026684896,0.0023880364907751805,0.002480324158044611
ppg,0.3059748293436841,0.2883703192168766,86.0,97.0,0.01760451012680747,0.0023880364907752916,0.0011748903906527164
ppg,0.3080567073100009,0.2904590132447037,86.0,97.0,0.01759769406529721,0.002081877966316814,0.002088694027827076
ppg,0.3092813414078343,0.2918949903888349,86.0,97.0,0.017386351018999435,0.0012246340978334103,0.0014359771441311842
ppg,0.3097711950469677,0.292025533765574,86.0,97.0,0.01774566128139371,0.0004898536391333974,0.00013054337673912286
ppg,0.3100161218665344,0.2913728168818781,86.0,97.0,0.018643304984656273,0.00024492681956667095,0.0006527168836958919
ppg,0.3111182925545845,0.292025533765574,86.0,97.0,0.01909275878901051,0.0011021706880501303,0.0006527168836958919
ppg,0.3110570608496928,0.2932004241562267,86.0,97.0,0.0178566366934661,6.123170489169549e-05,0.0011748903906527164
ppg,0.3114244510790429,0.2928087940260092,86.0,97.0,0.018615657053033696,0.00036739022935006194,0.0003916301302175351
ppg,0.3087914877687009,0.2913728168818781,86.0,97.0,0.017418670886822807,0.0026329633103419625,0.0014359771441310731
ppg,0.304688963540959,0.2873259722029631,86.0,97.0,0.017362991337995903,0.004102524227741933,0.004046844678915029
ppg,0.2981984028224417,0.2826264106403522,86.0,97.0,0.015571992182089489,0.00649056071851728,0.0046995615626108656
ppg,0.2885850251544493,0.2742716345290438,86.0,97.0,0.014313390625405487,0.009613377667992418,0.008354776111308415
ppg,0.2762162207663315,0.2655252282875179,86.0,97.0,0.01069099247881361,0.012368804388117771,0.008746406241525895
ppg,0.261581843297222,0.2519487171066419,86.0,97.0,0.009633126190580099,0.014634377469109505,0.013576511180875994
ppg,0.2467637707134374,0.2401998132001145,86.0,97.0,0.006563957513322921,0.014818072583784592,0.011748903906527414
ppg,0.2319456981296528,0.227667649033152,86.0,97.0,0.004278049096500786,0.01481807258378462,0.012532164166962484
ppg,0.3461428277526208,0.3356270215964643,86.0,97.0,0.010515806156156493,0.11419712962296799,0.10795937256331228
ppg,0.348347169128721,0.3386295192614659,86.0,97.0,0.009717649867255096,0.002204341376100205,0.003002497665001602
ppg,0.3502453519803628,0.3409793000427713,86.0,97.0,0.009266051937591446,0.0018981828516417831,0.0023497807813054328
ppg,0.3526946201760296,0.3431985374473376,86.0,97.0,0.009496082728692012,0.0024492681956668205,0.0022192374045662544
ppg,0.3541641810934298,0.3459399483588606,86.0,97.0,0.008224232734569181,0.0014695609174001922,0.0027414109115230234
ppg,0.3537967908640798,0.3451566880984255,86.0,97.0,0.0086401027656543,0.0003673902293500064,0.0007832602604351258
ppg,0.3511025958488462,0.3443734278379903,86.0,97.0,0.006729168010855879,0.0026941950152336025,0.0007832602604351813
ppg,0.345163120474354,0.3405876699125538,86.0,97.0,0.004575450561800198,0.005939475374492187,0.003785757925436506
ppg,0.3361620598552782,0.3348437613360292,86.0,97.0,0.0013182985192489727,0.009001060619075796,0.00574390857652457
ppg,0.3258139017285856,0.3274027888618953,86.0,97.0,0.00158888713330968,0.010348158126692597,0.0074409724741339445
ppg,0.3258139017285856,0.3274027888618953,86.0,97.0,0.00158888713330968,0.0,0.0
ppg,0.3133838656355763,0.3164371452158031,86.0,97.0,0.0030532795802267754,0.0124300360930093,0.010965643646092205
ppg,0.3000353539691919,0.304818784686015,86.0,97.0,0.004783430716823078,0.0133485116663844,0.011618360529788097
ppg,0.2864419154832407,0.2930698807794876,86.0,97.0,0.006627965296246874,0.013593438485951181,0.011748903906527386
ppg,0.2722973916532646,0.282495867263613,86.0,97.0,0.010198475610348368,0.014144523829976108,0.010574013515874614
ppg,0.2596836604455801,0.2702247898501289,86.0,97.0,0.010541129404548766,0.012613731207684498,0.0122710774134841
ppg,0.2481720999259458,0.2603034932179502,86.0,97.0,0.012131393292004411,0.011511560519634312,0.009921296632178667
ppg,0.2391098076019784,0.252731977367077,86.0,97.0,0.013622169765098585,0.009062292323967408,0.007571515850873234
ppg,0.230782295736711,0.2432023108651159,86.0,97.0,0.012420015128404904,0.008327511865267395,0.009529666501961076
ppg,0.2256388325258106,0.2394165529396794,86.0,97.0,0.013777720413868794,0.005143463210900395,0.003785757925436506
ppg,0.2198218205611018,0.2334115576096765,86.0,97.0,0.01358973704857469,0.005817011964708796,0.006004995330002899
ppg,0.2151682109893347,0.2285814526703264,86.0,97.0,0.0134132416809917,0.004653609571767109,0.0048301049393500994
ppg,0.2122903208594261,0.2258400417588033,86.0,97.0,0.013549720899377199,0.0028778901299086057,0.0027414109115231067
ppg,0.210269674598001,0.2232291742240195,86.0,97.0,0.0129594996260185,0.002020646261425091,0.0026108675347837895
ppg,0.2088613453854925,0.220879393442714,86.0,97.0,0.012018048057221509,0.0014083292125084967,0.0023497807813054883
ppg,0.210269674598001,0.2220542838333667,86.0,97.0,0.0117846092353657,0.0014083292125084967,0.0011748903906526886
ppg,0.2135761866621512,0.2245346079914114,86.0,97.0,0.010958421329260198,0.0033065120641501966,0.0024803241580446944
ppg,0.2176174791850016,0.2272760189029344,86.0,97.0,0.00965853971793279,0.004041292522850404,0.0027414109115229957
ppg,0.2741955745049064,0.2909811867516605,86.0,97.0,0.016785612246754122,0.05657809531990479,0.06370516784872612
ppg,0.2612756847727636,0.2783184792079588,86.0,97.0,0.01704279443519524,0.012919889732142809,0.01266270754370169
ppg,0.2506213681216127,0.2681360958223018,86.0,97.0,0.017514727700689126,0.010654316651150908,0.010182383385657023
ppg,0.2405181368144869,0.2589980594505583,86.0,97.0,0.018479922636071427,0.010103231307125787,0.009138036371743485
ppg,0.2321906249492195,0.2492073061951188,86.0,97.0,0.017016681245899307,0.008327511865267395,0.009790753255439516
ppg,0.226312381279619,0.2426801373581592,86.0,97.0,0.016367756078540185,0.005878243669600491,0.006527168836959613
ppg,0.2212301497736102,0.2390249228094618,86.0,97.0,0.017794773035851613,0.005082231506008811,0.003655214548697383
ppg,0.2171276255458682,0.2341948178701116,86.0,97.0,0.01706719232424339,0.004102524227741988,0.0048301049393502105
ppg,0.214188503711068,0.2311923202051102,86.0,97.0,0.0170038164940422,0.00293912183480019,0.00300249766500138
ppg,0.2109432233518094,0.2274065622796736,86.0,97.0,0.016463338927864196,0.003245280359258612,0.003785757925436617
ppg,0.2118004672202928,0.2274065622796736,86.0,97.0,0.015606095059380792,0.0008572438684834038,0.0
ppg,0.2144334305306346,0.2281898225401088,86.0,97.0,0.013756392009474205,0.002632963310341796,0.000783260260435209
ppg,0.2178011742996766,0.2306701466981535,86.0,97.0,0.012868972398476897,0.003367743769042003,0.0024803241580446944
ppg,0.2230671009203604,0.2340642744933725,86.0,97.0,0.010997173573012109,0.005265926620683786,0.0033941277952189985
ppg,0.2285167226557192,0.2383722059257658,86.0,97.0,0.009855483270046594,0.005449621735358817,0.004307931432393303
ppg,0.2329254054079196,0.2404608999535929,86.0,97.0,0.007535494545673316,0.004408682752200382,0.0020886940278271038
ppg,0.2370279296356615,0.2445077446325079,86.0,97.0,0.007479814996846412,0.004102524227741905,0.0040468446789150014
ppg,0.2399058197655701,0.2467269820370742,86.0,97.0,0.006821162271504089,0.0028778901299086057,0.002219237404566282
ppg,0.2408242953389452,0.2467269820370742,86.0,97.0,0.005902686698128989,0.0009184755733750993,0.0
ppg,0.2408242953389452,0.2467269820370742,86.0,97.0,0.005902686698128989,0.0,0.0
ppg,0.2413141489780786,0.2473796989207702,86.0,97.0,0.006065549942691595,0.0004898536391333974,0.0006527168836960029
ppg,0.2417427709123203,0.2477713290509877,86.0,97.0,0.0060285581386674,0.0004286219342417019,0.00039163013021750737
ppg,0.2410079904536202,0.2468575254138133,86.0,97.0,0.005849534960193109,0.0007347804587000961,0.0009138036371743874
ppg,0.2411304538634036,0.2456826350231606,86.0,97.0,0.004552181159757002,0.00012246340978339099,0.0011748903906527164
ppg,0.2404569051095952,0.2454215482696823,86.0,97.0,0.004964643160087101,0.0006735487538084006,0.00026108675347830124
ppg,0.2411304538634036,0.2448993747627254,86.0,97.0,0.0037689208993218204,0.0006735487538084006,0.00052217350695688
ppg,0.2406406002242702,0.2454215482696823,86.0,97.0,0.004780948045412098,0.0004898536391333974,0.00052217350695688
ppg,0.241987697731887,0.2452910048929431,86.0,97.0,0.0033033071610560905,0.0013470975076168012,0.00013054337673920613
ppg,0.1639172739950054,0.1620043305333381,86.0,97.0,0.0019129434616673158,0.07807042373688158,0.08328667435960499
ppg,0.1680810299276391,0.1620043305333381,86.0,97.0,0.0060766993943009995,0.004163755932633684,0.0
ppg,0.1724284809749478,0.1663122619657314,86.0,97.0,0.0061162190092164115,0.004347451047308715,0.004307931432393303
ppg,0.2478047096965958,0.2490767628183796,86.0,97.0,0.0012720531217838005,0.07537622872164798,0.08276450085264819
ppg,0.2503152095971544,0.249990566455554,86.0,97.0,0.0003246431416004114,0.002510499900558627,0.0009138036371744152
ppg,0.1783067246445483,0.1717950837887775,86.0,97.0,0.0065116408557708005,0.07200848495260612,0.0781954826667765
ppg,0.1777556393005233,0.170098019891168,86.0,97.0,0.007657619409355304,0.0005510853440250096,0.0016970638976095132
ppg,0.1763473100880148,0.1682704126168193,86.0,97.0,0.008076897471195499,0.0014083292125084967,0.0018276072743486915
ppg,0.1756737613342064,0.1682704126168193,86.0,97.0,0.007403348717387098,0.0006735487538084006,0.0
ppg,0.1743878955314813,0.1668344354726882,86.0,97.0,0.007553460058793093,0.0012858658027251058,0.0014359771441311009
ppg,0.1746940540559397,0.1676176957331234,86.0,97.0,0.007076358322816306,0.00030615852445842195,0.000783260260435209
ppg,0.1751226759901814,0.1672260656029058,86.0,97.0,0.007896610387275599,0.00042862193424167416,0.0003916301302176184
ppg,0.1761636149733398,0.1686620427470369,86.0,97.0,0.007501572226302905,0.001040938983158407,0.0014359771441311009
ppg,0.17873534657879,0.1706201933981248,86.0,97.0,0.008115153180665219,0.0025717316054502115,0.0019581506510878977
ppg,0.1815520050038069,0.174144864570083,86.0,97.0,0.007407140433723897,0.0028166584250168825,0.0035246711719582047
ppg,0.1863280779853573,0.1791055128861723,86.0,97.0,0.007222565099185008,0.004776072981550417,0.0049606483160893056
ppg,0.1903081388033159,0.1834134443185657,86.0,97.0,0.006894694484750191,0.003980060817958597,0.004307931432393414
ppg,0.1956352971288914,0.1878519191276983,86.0,97.0,0.007783378001193109,0.0053271583255755095,0.004438474809132592
ppg,0.2009624554544669,0.1925514806903092,86.0,97.0,0.008410974764157697,0.005327158325575482,0.004699561562610893
ppg,0.2059222235506923,0.1984259326435729,86.0,97.0,0.007496290907119424,0.00495976809622542,0.005874451953263693
ppg,0.2121678574496428,0.203908754466619,86.0,97.0,0.00825910298302382,0.006245633898950498,0.005482821823046102
ppg,0.21829102793881,0.2088694027827083,86.0,97.0,0.009421625156101704,0.00612317048916719,0.0049606483160893056
ppg,0.2235569545594938,0.2144827679824935,86.0,97.0,0.009074186577000293,0.005265926620683786,0.0056133651997851974
ppg,0.2293739665242026,0.2216626537031492,86.0,97.0,0.007711312821053418,0.005817011964708824,0.007179885720655699
ppg,0.2293739665242026,0.2216626537031492,86.0,97.0,0.007711312821053418,0.0,0.0
ppg,0.2356808321280448,0.2272760189029344,86.0,97.0,0.008404813225110414,0.006306865603842193,0.0056133651997851974
ppg,0.2405793685193785,0.2305396033214143,86.0,97.0,0.010039765197964207,0.0048985363913336966,0.0032635844184799034
ppg,0.246457612188979,0.2368056854048955,86.0,97.0,0.009651926784083498,0.005878243669600491,0.0062660820834812
ppg,0.2511724534656378,0.2409830734605497,86.0,97.0,0.010189380005088122,0.004714841276658832,0.0041773880556542076
ppg,0.2558260630374048,0.245943721776639,86.0,97.0,0.009882341260765787,0.00465360957176697,0.0049606483160893056
ppg,0.2600510506749302,0.2509043700927283,86.0,97.0,0.00914668058220186,0.004224987637525379,0.0049606483160893056
ppg,0.2639086480831055,0.2535152376275122,86.0,97.0,0.010393410455593277,0.0038575974081753173,0.0026108675347839005
ppg,0.2673376235570391,0.2583453425668623,86.0,97.0,0.008992280990176793,0.0034289754739336153,0.0048301049393500994
ppg,0.2255163691160273,0.2267538453959777,86.0,97.0,0.0012374762799504113,0.04182125444101181,0.03159149717088461
ppg,0.2302924420975777,0.2318450370888062,86.0,97.0,0.0015525949912284787,0.004776072981550417,0.005091191692828484
ppg,0.234701124849778,0.2368056854048955,86.0,97.0,0.002104560555117485,0.004408682752200299,0.0049606483160893056
ppg,0.2403344416998118,0.2415052469675065,86.0,97.0,0.0011708052676946967,0.005633316850033793,0.004699561562611004
ppg,0.245906526844954,0.2469880687905525,86.0,97.0,0.0010815419455984798,0.005572085145142208,0.005482821823045991
ppg,0.2511724534656378,0.2524708906135987,86.0,97.0,0.0012984371479608514,0.005265926620683814,0.005482821823046186
ppg,0.2555199045129465,0.2570399087994704,86.0,97.0,0.001520004286523935,0.004347451047308659,0.004569018185871743
ppg,0.2604796726091719,0.2617394703620813,86.0,97.0,0.0012597977529094084,0.004959768096225392,0.0046995615626108656
ppg,0.2647046602466972,0.2661779451712139,86.0,97.0,0.0014732849245167046,0.004224987637525324,0.00443847480913262
ppg,0.2693582698184643,0.2691804428362153,86.0,97.0,0.0001778269822489964,0.004653609571767081,0.00300249766500138
ppg,0.2737669525706647,0.2737494610220871,86.0,97.0,1.7491548577608373e-05,0.00440868275220041,0.004569018185871798
ppg,0.2761549890614398,0.2751854381662182,86.0,97.0,0.0009695508952216048,0.002388036490775125,0.0014359771441311286
ppg,0.2796451962402652,0.2781879358312196,86.0,97.0,0.001457260409045591,0.0034902071788253664,0.00300249766500138
ppg,0.2830129400093071,0.2814515202496994,86.0,97.0,0.0015614197596077184,0.00336774376904192,0.0032635844184797924
ppg,0.2866256105979158,0.2854983649286144,86.0,97.0,0.001127245669301391,0.003612670588608702,0.004046844678915029
ppg,0.2898708909571744,0.2881092324633982,86.0,97.0,0.0017616584937761859,0.0032452803592585844,0.0026108675347837895
ppg,0.2931161713164329,0.2909811867516605,86.0,97.0,0.002134984564772402,0.003245280359258529,0.002871954288262313
ppg,0.2965451467903666,0.2946364013003579,86.0,97.0,0.0019087454900086898,0.003428975473933671,0.003655214548697383
ppg,0.2999128905594085,0.2977694423420985,86.0,97.0,0.0021434482173099956,0.00336774376904192,0.003133041041740614
ppg,0.3029132440991005,0.300119223123404,86.0,97.0,0.0027940209756964762,0.003000353539691969,0.0023497807813054883
ppg,0.3060360610485757,0.3031217207884054,86.0,97.0,0.002914340260170345,0.003122816949475249,0.00300249766500138
ppg,0.3060360610485757,0.3031217207884054,86.0,97.0,0.002914340260170345,0.0,0.0
ppg,0.3083628658344592,0.3059936750766677,86.0,97.0,0.0023691907577915172,0.002326804785883485,0.002871954288262313
ppg,0.3083628658344592,0.3059936750766677,86.0,97.0,0.0023691907577915172,0.0,0.0
ppg,0.3083628658344592,0.3059936750766677,86.0,97.0,0.0023691907577915172,0.0,0.0
ppg,0.3106284389154511,0.3072991088440596,86.0,97.0,0.003329330071391523,0.0022655730809919006,0.0013054337673918948
ppg,0.3123429266524179,0.3097794330021042,86.0,97.0,0.0025634936503137196,0.0017144877369668077,0.002480324158044611
ppg,0.3136900241600347,0.3112154101462354,86.0,97.0,0.0024746140137993367,0.0013470975076168012,0.0014359771441311842
ppg,0.2446206610422289,0.2420274204744632,86.0,97.0,0.0025932405677656922,0.06906936311780582,0.06918798967177217
ppg,0.2486007218601875,0.2455520916464214,86.0,97.0,0.0030486302137661125,0.003980060817958597,0.003524671171958177
ppg,0.2525195509732545,0.2498600230788148,86.0,97.0,0.0026595278944397116,0.003918829113067013,0.004307931432393414
ppg,0.257295623954805,0.2532541508740338,86.0,97.0,0.004041473080771185,0.004776072981550472,0.0033941277952189985
ppg,0.2608470628385219,0.2576926256831663,86.0,97.0,0.0031544371553555717,0.0035514388837168953,0.004438474809132509
ppg,0.2649495870662639,0.2603034932179502,86.0,97.0,0.004646093848313715,0.004102524227742044,0.0026108675347839005
ppg,0.2688071844744392,0.2634365342596909,86.0,97.0,0.005370650214748307,0.0038575974081752618,0.0031330410417406696
ppg,0.272970940407073,0.2664390319246922,86.0,97.0,0.006531908482380777,0.004163755932633795,0.0030024976650013246
ppg,0.2759712939467649,0.2700942464733897,86.0,97.0,0.0058770474733751965,0.0030003535396919134,0.003655214548697494
ppg,0.2799513547647235,0.2740105477755655,86.0,97.0,0.005940806989157998,0.003980060817958597,0.003916301302175795
ppg,0.2834415619435488,0.2767519586870885,86.0,97.0,0.006689603256460286,0.003490207178825311,0.0027414109115230234
ppg,0.2874216227615075,0.2804071732357859,86.0,97.0,0.007014449525721611,0.003980060817958708,0.003655214548697383
ppg,0.2902995128914161,0.2838013010310049,86.0,97.0,0.006498211860411163,0.002877890129908578,0.0033941277952190263
ppg,0.2921364640381662,0.2870648854494847,86.0,97.0,0.005071578588681458,0.0018369511467500876,0.0032635844184797924
ppg,0.2951980492827498,0.2887619493470942,86.0,97.0,0.0064360999356555815,0.003061585244583609,0.0016970638976094854
ppg,0.2959940614463415,0.2912422735051388,86.0,97.0,0.004751787941202679,0.0007960121635917083,0.002480324158044611
ppg,0.2976473174784167,0.293330967532966,86.0,97.0,0.004316349945450715,0.0016532560320752232,0.002088694027827187
ppg,0.2965451467903666,0.2937225976631835,86.0,97.0,0.002822549127183105,0.0011021706880501303,0.0003916301302174796
ppg,0.2914016835794661,0.2885008625936158,86.0,97.0,0.0029008209858503164,0.0051434632109004785,0.00522173506956769
ppg,0.2831354034190905,0.2843234745379617,86.0,97.0,0.0011880711188712034,0.008266280160375616,0.0041773880556540965
ppg,0.273338330636423,0.2774046755707844,86.0,97.0,0.004066344934361421,0.009797072782667504,0.0069187989671772865
ppg,0.2609082945434136,0.2659168584177355,86.0,97.0,0.005008563874321914,0.012430036093009411,0.011487817153048918
ppg,0.2463963804840873,0.2546901280181649,86.0,97.0,0.008293747534077578,0.01451191405932628,0.011226730399570617
ppg,0.2321906249492195,0.2416357903442457,86.0,97.0,0.009445165395026212,0.014205755534867803,0.01305433767391917
ppg,0.2188421132828351,0.2302785165679359,86.0,97.0,0.011436403285100816,0.0133485116663844,0.011357273776309795
ppg,0.2062283820751506,0.220226676559018,86.0,97.0,0.013998294483867413,0.012613731207684498,0.0100518400089179
ppg,0.1954516020142164,0.2118719004477097,86.0,97.0,0.016420298433493297,0.010776780060934188,0.008354776111308304
ppg,0.1872465535587324,0.2037782110898797,86.0,97.0,0.016531657531147298,0.008205048455484004,0.008093689357830003
ppg,0.1803273709059734,0.1968594121227025,86.0,97.0,0.016532041216729104,0.0069191826527590095,0.006918798967177203
ppg,0.1803273709059734,0.1968594121227025,86.0,97.0,0.016532041216729104,0.0,0.0
ppg,0.1803273709059734,0.1968594121227025,86.0,97.0,0.016532041216729104,0.0,0.0
ppg,0.1803273709059734,0.1968594121227025,86.0,97.0,0.016532041216729104,0.0,0.0
ppg,0.1803273709059734,0.1968594121227025,86.0,97.0,0.016532041216729104,0.0,0.0
ppg,0.334325108708528,0.3351048480895076,86.0,97.0,0.0007797393809795827,0.1539977378025546,0.13824543596680508
ppg,0.3322432307422112,0.3337994143221157,86.0,97.0,0.001556183579904502,0.002081877966316814,0.0013054337673918948
ppg,0.3269773041215275,0.3302747431501576,86.0,97.0,0.0032974390286301114,0.005265926620683703,0.0035246711719580937
ppg,0.3190784141905018,0.3234864875597195,86.0,97.0,0.004408073369217669,0.007898889931025666,0.006788255590438108
ppg,0.3084853292442426,0.3139568210577584,86.0,97.0,0.005471491813515805,0.010593084946259212,0.009529666501961076
ppg,0.2955042078072082,0.3031217207884054,86.0,97.0,0.007617512981197172,0.012981121437034393,0.010835100269353026
ppg,0.2806249035185319,0.2911117301283997,86.0,97.0,0.010486826609867772,0.014879304288676287,0.012009990660005687
ppg,0.2643372700173472,0.2766214153103493,86.0,97.0,0.012284145293002091,0.01628763350118473,0.01449031481805041
ppg,0.2478047096965958,0.2623921872457773,86.0,97.0,0.014587477549181493,0.0165325603207514,0.014229228064571997
ppg,0.2324355517687862,0.2472491555440309,86.0,97.0,0.01481360377524471,0.015369157927809601,0.015143031701746384
ppg,0.218107332824135,0.2356307950142428,86.0,97.0,0.017523462190107808,0.014328218944651194,0.011618360529788097
ppg,0.2046363577479671,0.2244040646146722,86.0,97.0,0.019767706866705093,0.013470975076167901,0.011226730399570617
ppg,0.1923287850647411,0.2113497269407529,86.0,97.0,0.019020941876011804,0.012307572683225992,0.01305433767391928
ppg,0.1808784562499985,0.2009062568016175,86.0,97.0,0.020027800551619013,0.011450328814742616,0.010443470139135408
ppg,0.1716324688113561,0.1920293071833524,86.0,97.0,0.020396838371996295,0.009245987438642383,0.008876949618265101
ppg,0.1636723471754387,0.1835439876953049,86.0,97.0,0.0198716405198662,0.007960121635917417,0.00848531948804751
ppg,0.1577328718009465,0.1762335585979101,86.0,97.0,0.018500686796963595,0.005939475374492187,0.007310429097394794
ppg,0.1532629573438545,0.1716645404120384,86.0,97.0,0.018401583068183902,0.004469914457091995,0.004569018185871687
ppg,0.1489767380014375,0.1656595450820355,86.0,97.0,0.016682807080598022,0.004286219342417019,0.006004995330002899
ppg,0.1472622502644707,0.1640930245611652,86.0,97.0,0.016830774296694495,0.00171448773696678,0.001566520520870307
ppg,0.1465887015106623,0.1625265040402949,86.0,97.0,0.01593780252963259,0.0006735487538084006,0.001566520520870307
ppg,0.1492216648210042,0.1616127004031205,86.0,97.0,0.012391035582116294,0.002632963310341907,0.0009138036371743874
ppg,0.1522220183606961,0.1635708510542084,86.0,97.0,0.011348832693512306,0.0030003535396918857,0.0019581506510878977
ppg,0.1566919328177881,0.1682704126168193,86.0,97.0,0.011578479799031205,0.004469914457091995,0.004699561562610893
ppg,0.1623252496678219,0.1712729102818208,86.0,97.0,0.008947660613998876,0.00563331685003382,0.003002497665001491
ppg,0.166795164124914,0.1750586682072573,86.0,97.0,0.008263504082343304,0.004469914457092078,0.003785757925436506
ppg,0.1693056640254726,0.1750586682072573,86.0,97.0,0.005753004181784704,0.0025104999005585993,0.0
ppg,0.1711426151722227,0.1764946453513885,86.0,97.0,0.005352030179165801,0.0018369511467501154,0.001435977144131212
ppg,0.1315869338122027,0.1411173902550672,86.0,97.0,0.009530456442864488,0.039555681360019995,0.03537725509632131
ppg,0.1273007144697857,0.1365483720691955,86.0,97.0,0.00924765759940982,0.004286219342417019,0.004569018185871687
ppg,0.123871738995852,0.1331542442739765,86.0,97.0,0.00928250527812452,0.0034289754739336986,0.0033941277952189985
ppg,0.1203815318170267,0.1292379429718007,86.0,97.0,0.008856411154773994,0.003490207178825297,0.003916301302175823
ppg,0.1182384221458182,0.1258438151765817,86.0,97.0,0.007605393030763491,0.0021431096712084957,0.0033941277952189985
ppg,0.1169525563430931,0.1242772946557114,86.0,97.0,0.0073247383126183035,0.0012858658027251058,0.0015665205208702931
ppg,0.1179322636213599,0.1242772946557114,86.0,97.0,0.006345031034351495,0.0009797072782668087,0.0
ppg,0.1208101537512685,0.1251910982928858,86.0,97.0,0.004380944541617304,0.002877890129908592,0.0009138036371744013
ppg,0.1269945559453273,0.1294990297252791,86.0,97.0,0.0025044737799518046,0.006184402194058802,0.004307931432393303
ppg,0.1334851166638445,0.135504025055282,86.0,97.0,0.0020189083914375072,0.0064905607185171965,0.006004995330002899
ppg,0.1394858237432284,0.1400730432411537,86.0,97.0,0.0005872194979252843,0.00600070707938391,0.004569018185871687
ppg,0.1452416040030455,0.1452947783107214,86.0,97.0,5.31743076759017e-05,0.0057557802598171,0.005221735069567718
ppg,0.1492216648210042,0.1494721663663756,86.0,97.0,0.00025050154537137326,0.003980060817958708,0.00417738805565418
ppg,0.1532017256389628,0.1522135772778986,86.0,97.0,0.0009881483610642006,0.003980060817958597,0.0027414109115230234
ppg,0.1549774450808213,0.1541717279289865,86.0,97.0,0.0008057171518348061,0.0017757194418585032,0.0019581506510878977
ppg,0.1547937499661463,0.1536495544220298,86.0,97.0,0.0011441955441165164,0.0001836951146750032,0.0005221735069567135
ppg,0.1556509938346297,0.1554771616963784,86.0,97.0,0.00017383213825128419,0.0008572438684833761,0.0018276072743486083
ppg,0.154487591441688,0.1536495544220298,86.0,97.0,0.0008380370196582054,0.001163402392941687,0.0018276072743486083
ppg,0.1547325182612546,0.1528662941615946,86.0,97.0,0.0018662240996599744,0.0002449268195665877,0.0007832602604351813
ppg,0.1549162133759296,0.1528662941615946,86.0,97.0,0.0020499192143349776,0.0001836951146750032,0.0
ppg,0.1555285304248464,0.153127380915073,86.0,97.0,0.0024011495097734092,0.0006123170489168162,0.0002610867534783845
ppg,0.1564470059982214,0.1548244448126825,86.0,97.0,0.0016225611855388844,0.0009184755733749883,0.0016970638976095132
ppg,0.15932489612813,0.156521508710292,86.0,97.0,0.0028033874178380047,0.0028778901299086057,0.0016970638976094854
ppg,0.1612843106846635,0.1588712894915975,86.0,97.0,0.002413021193065995,0.0019594145565335064,0.002349780781305516
ppg,0.1645295910439221,0.1635708510542084,86.0,97.0,0.0009587399897136861,0.0032452803592585844,0.004699561562610893
ppg,0.1679585665178557,0.1659206318355139,86.0,97.0,0.002037934682341813,0.0034289754739336153,0.0023497807813054883
ppg,0.171448773696681,0.1681398692400801,86.0,97.0,0.0033089044566008974,0.003490207178825283,0.002219237404566199
ppg,0.1760411515635564,0.1732310609329087,86.0,97.0,0.002810090630647716,0.004592377866875413,0.005091191692828595
ppg,0.1841849683141488,0.1908544167926997,86.0,97.0,0.006669448478550916,0.008143816750592392,0.017623355859791023
ppg,0.1861443828706823,0.1921598505600916,86.0,97.0,0.006015467689409304,0.0019594145565335064,0.0013054337673918948
ppg,0.187124090148949,0.1941180012111795,86.0,97.0,0.00699391106223049,0.0009797072782667116,0.0019581506510878977
ppg,0.1884711876565658,0.1950318048483539,86.0,97.0,0.006560617191788104,0.0013470975076167735,0.0009138036371743874
ppg,0.1898795168690742,0.1963372386157458,86.0,97.0,0.006457721746671613,0.0014083292125084135,0.0013054337673919225
ppg,0.1924512484745245,0.1996008230342256,86.0,97.0,0.007149574559701111,0.0025717316054502948,0.0032635844184797924
ppg,0.1942881996212747,0.2014284303085743,86.0,97.0,0.0071402306872996035,0.0018369511467501987,0.0018276072743486915
ppg,0.1966150044071582,0.2036476677131406,86.0,97.0,0.007032663305982401,0.002326804785883513,0.00221923740456631
ppg,0.1994316628321751,0.2065196220014028,86.0,97.0,0.00708795916922772,0.0028166584250168825,0.0028719542882622018
ppg,0.2029218700110004,0.2096526630431434,86.0,97.0,0.006730793032142995,0.003490207178825311,0.0031330410417405863
ppg,0.2029218700110004,0.2096526630431434,86.0,97.0,0.006730793032142995,0.0,0.0
ppg,0.2070243942387424,0.2130467908383625,86.0,97.0,0.006022396599620117,0.004102524227741988,0.0033941277952191096
ppg,0.2109432233518094,0.2178768957777126,86.0,97.0,0.006933672425903203,0.003918829113067013,0.0048301049393500994
ppg,0.2156580646284681,0.2224459139635843,86.0,97.0,0.006787849335116197,0.004714841276658693,0.004569018185871687
ppg,0.2197605888562101,0.2254484116285857,86.0,97.0,0.005687822772375589,0.004102524227742016,0.003002497665001408
ppg,0.2251489788866772,0.2297563430609791,86.0,97.0,0.004607364174301909,0.005388390030467094,0.004307931432393414
ppg,0.2299862835731193,0.2353697082607644,86.0,97.0,0.005383424687645105,0.004837304686442084,0.005613365199785281
ppg,0.2350685150791281,0.2387638360559834,86.0,97.0,0.003695320976855293,0.005082231506008811,0.0033941277952189985
ppg,0.2405181368144869,0.2446382880092471,86.0,97.0,0.004120151194760224,0.0054496217353587895,0.005874451953263721
ppg,0.2451717463862539,0.2480324158044661,86.0,97.0,0.0028606694182121972,0.004653609571767026,0.0033941277952189985
ppg,0.2499478193678043,0.2545595846414257,86.0,97.0,0.004611765273621393,0.004776072981550389,0.006527168836959585
ppg,0.2542952704151131,0.2580842558133839,86.0,97.0,0.0037889853982708277,0.00434745104730877,0.0035246711719582047
ppg,0.2580916361183967,0.2622616438690381,86.0,97.0,0.0041700077506414135,0.0037963657032836218,0.0041773880556542076
ppg,0.2628064773950554,0.2651335981573003,86.0,97.0,0.002327120762244894,0.004714841276658721,0.0028719542882622018
ppg,0.2679499406059558,0.2707469633570856,86.0,97.0,0.0027970227511298074,0.0051434632109003675,0.005613365199785281
ppg,0.2713176843749978,0.2758381550499141,86.0,97.0,0.004520470674916288,0.003367743769042031,0.005091191692828512
ppg,0.2749915866684981,0.2794933695986116,86.0,97.0,0.004501782930113496,0.0036739022935002863,0.003655214548697494
ppg,0.2790941108962401,0.2826264106403522,86.0,97.0,0.0035322997441121218,0.004102524227741988,0.003133041041740614
ppg,0.2827680131897405,0.2848456480449184,86.0,97.0,0.0020776348551779233,0.0036739022935003973,0.002219237404566199
ppg,0.2863806837783491,0.2894146662307902,86.0,97.0,0.0030339824524411307,0.003612670588608591,0.004569018185871798
ppg,0.2909118299403327,0.293330967532966,86.0,97.0,0.0024191375926332914,0.004531146161983635,0.003916301302175795
ppg,0.2950755858729665,0.2956807483142714,86.0,97.0,0.000605162441304874,0.004163755932633795,0.0023497807813053773
ppg,0.2988719515762501,0.3002497665001432,86.0,97.0,0.001377814923893106,0.0037963657032835663,0.004569018185871798
ppg,0.1934921874576829,0.1909849601694389,86.0,97.0,0.0025072272882440128,0.10537976411856717,0.10926480633070429
ppg,0.1982682604392333,0.1949012614716146,86.0,97.0,0.0033669989676186896,0.004776072981550389,0.003916301302175712
ppg,0.2018196993229503,0.1977732157598769,86.0,97.0,0.004046483563073383,0.0035514388837170063,0.002871954288262313
ppg,0.206718235714284,0.2020811471922703,86.0,97.0,0.004637088522013694,0.0048985363913336966,0.004307931432393386
ppg,0.210637064827351,0.2044309279735757,86.0,97.0,0.0062061368537753014,0.003918829113067013,0.002349780781305405
ppg,0.2137598817768263,0.2082166858990123,86.0,97.0,0.005543195877814017,0.0031228169494753044,0.003785757925436589
ppg,0.217739942594785,0.2116108136942313,86.0,97.0,0.006129128900553699,0.0039800608179586805,0.0033941277952189985
ppg,0.2207402961344769,0.2159187451266247,86.0,97.0,0.004821551007852198,0.0030003535396919134,0.004307931432393414
ppg,0.2240468081986271,0.218137982531191,86.0,97.0,0.005908825667436113,0.0033065120641501966,0.002219237404566282
ppg,0.2271696251481024,0.2200961331822789,86.0,97.0,0.007073491965823492,0.0031228169494753044,0.0019581506510879254
ppg,0.2304761372122527,0.2232291742240195,86.0,97.0,0.007246962988233213,0.0033065120641503076,0.0031330410417405863
ppg,0.2334764907519446,0.2251873248751074,86.0,97.0,0.008289165876837201,0.0030003535396918857,0.0019581506510878977
ppg,0.2378239417992533,0.2292341695540223,86.0,97.0,0.008589772245231025,0.004347451047308715,0.00404684467891489
ppg,0.2378239417992533,0.2292341695540223,86.0,97.0,0.008589772245231025,0.0,0.0
ppg,0.2404569051095952,0.2319755804655454,86.0,97.0,0.008481324644049798,0.0026329633103418792,0.0027414109115231067
ppg,0.2438246488786371,0.2344559046235901,86.0,97.0,0.009368744255047023,0.00336774376904192,0.0024803241580446944
ppg,0.2438246488786371,0.2344559046235901,86.0,97.0,0.009368744255047023,0.0,0.0
ppg,0.247008697533004,0.2371973155351131,86.0,97.0,0.009811381997890889,0.003184048654366889,0.0027414109115230234
ppg,0.2498865876629127,0.2386332926792442,86.0,97.0,0.011253294983668477,0.002877890129908689,0.0014359771441311009
ppg,0.2530094046123879,0.2415052469675065,86.0,97.0,0.011504157644881413,0.003122816949475221,0.002871954288262285
ppg,0.2563159166765382,0.2446382880092471,86.0,97.0,0.011677628667291079,0.00330651206415028,0.003133041041740614
ppg,0.2590101116917718,0.2482935025579445,86.0,97.0,0.010716609133827298,0.0026941950152336025,0.003655214548697383
ppg,0.2609082945434136,0.2490767628183796,86.0,97.0,0.011831531725033984,0.0018981828516417831,0.000783260260435098
ppg,0.2630514042146221,0.2516876303531635,86.0,97.0,0.011363773861458593,0.0021431096712085096,0.0026108675347839005
ppg,0.2645821968369139,0.2532541508740338,86.0,97.0,0.011328045962880118,0.0015307926222918322,0.001566520520870307
ppg,0.2662966845738807,0.2535152376275122,86.0,97.0,0.012781446946368513,0.0017144877369668077,0.00026108675347841226
ppg,0.2665416113934474,0.2537763243809905,86.0,97.0,0.012765287012456883,0.00024492681956667095,0.00026108675347830124
ppg,0.2667253065081224,0.2546901280181649,86.0,97.0,0.012035178489957499,0.00018369511467497546,0.0009138036371743596
ppg,0.2607858311336303,0.2524708906135987,86.0,97.0,0.008314940520031622,0.005939475374492076,0.002219237404566199
ppg,0.2649495870662639,0.2584758859436015,86.0,97.0,0.006473701122662434,0.004163755932633628,0.006004995330002816
ppg,0.2688071844744392,0.2609562101016462,86.0,97.0,0.007850974372792974,0.0038575974081752618,0.002480324158044722
ppg,0.2735832574559897,0.2650030547805612,86.0,97.0,0.008580202675428528,0.004776072981550528,0.004046844678914974
ppg,0.2770734646348149,0.2691804428362153,86.0,97.0,0.007893021798599631,0.0034902071788252,0.0041773880556540965
ppg,0.2814821473870153,0.2741410911523047,86.0,97.0,0.007341056234710652,0.00440868275220041,0.004960648316089389
ppg,0.285278513090299,0.2767519586870885,86.0,97.0,0.008526554403210485,0.0037963657032836773,0.002610867534783845
ppg,0.289932122662066,0.2830180407705697,86.0,97.0,0.0069140818914963376,0.004653609571767026,0.006266082083481173
ppg,0.2939121834800247,0.2873259722029631,86.0,97.0,0.006586211277061604,0.003980060817958653,0.004307931432393386
ppg,0.2978922442979834,0.2895452096075294,86.0,97.0,0.008347034690454003,0.003980060817958708,0.00221923740456631
ppg,0.2997904271496252,0.29267825064927,86.0,97.0,0.007112176500355227,0.0018981828516418386,0.003133041041740614
ppg,0.3029132440991005,0.2939836844166619,86.0,97.0,0.008929559682438581,0.003122816949475249,0.0013054337673918948
ppg,0.3043215733116089,0.2971167254584025,86.0,97.0,0.007204847853206409,0.0014083292125084412,0.003133041041740614
ppg,0.3068933049170591,0.2981610724723161,86.0,97.0,0.008732232444742971,0.002571731605450156,0.0010443470139135935
ppg,0.3065871463926008,0.2992054194862297,86.0,97.0,0.007381726906371122,0.0003061585244582554,0.0010443470139135935
ppg,0.3031581709186671,0.2969861820816634,86.0,97.0,0.006171988837003706,0.0034289754739337264,0.00221923740456631
ppg,0.29740239065885,0.2930698807794876,86.0,97.0,0.004332509879362401,0.0057557802598171,0.003916301302175795
ppg,0.2871766959419408,0.2853678215518752,86.0,97.0,0.0018088743900656068,0.010225694716909206,0.007702059227612412
ppg,0.2756039037174148,0.2766214153103493,86.0,97.0,0.0010175115929345058,0.011572792224526007,0.008746406241525895
ppg,0.2756039037174148,0.2766214153103493,86.0,97.0,0.0010175115929345058,0.0,0.0
ppg,0.2634800261488638,0.2665695753014315,86.0,97.0,0.0030895491525677055,0.01212387756855099,0.01005184000891779
ppg,0.2497641242531293,0.2554733882786001,86.0,97.0,0.005709264025470812,0.01371590189573449,0.011096187022831383
ppg,0.2363543808818532,0.2443772012557687,86.0,97.0,0.008022820373915496,0.013409743371276095,0.01109618702283141
ppg,0.2239243447888438,0.2336726443631549,86.0,97.0,0.009748299574311114,0.012430036093009411,0.010704556892613792
ppg,0.2124127842692095,0.2233597176007586,86.0,97.0,0.010946933331549086,0.011511560519634284,0.010312926762396313
ppg,0.2017584676180586,0.2142216812290152,86.0,97.0,0.012463213610956592,0.010654316651150908,0.009138036371743402
ppg,0.1917164680158244,0.205997448494446,86.0,97.0,0.014280980478621613,0.010041999602234203,0.008224232734569181
ppg,0.1840012731994738,0.2002535399179216,86.0,97.0,0.016252266718447816,0.007715194816350607,0.0057439085765244036
ppg,0.3182211703220184,0.3152622548251503,86.0,97.0,0.0029589154968681086,0.13421989712254462,0.11500871490722869
ppg,0.3176088532731017,0.3170898620994991,86.0,97.0,0.0005189911736026009,0.0006123170489167329,0.0018276072743487748
ppg,0.3143023412089514,0.3123903005368881,86.0,97.0,0.0019120406720632976,0.00330651206415028,0.004699561562610977
ppg,0.3070770000317341,0.3083434558579731,86.0,97.0,0.0012664558262390213,0.007225341177217293,0.004046844678914974
ppg,0.1613455423895552,0.1749281248305182,86.0,97.0,0.013582582440962998,0.1457314576421789,0.13341533102745493
ppg,0.2839926472875739,0.2888924927238334,86.0,97.0,0.004899845436259487,0.1226471048980187,0.11396436789331518
ppg,0.2696644283429226,0.278449022584698,86.0,97.0,0.008784594241775412,0.014328218944651305,0.01044347013913538
ppg,0.2549075874640297,0.2659168584177355,86.0,97.0,0.011009270953705796,0.014756840878892896,0.012532164166962512
ppg,0.2397833563557868,0.2531236074972946,86.0,97.0,0.01334025114150783,0.015124231108242903,0.012793250920440868
ppg,0.2255776008209189,0.2403303565768537,86.0,97.0,0.014752755755934793,0.014205755534867887,0.012793250920440924
ppg,0.2124740159741012,0.2281898225401088,86.0,97.0,0.0157158065660076,0.0131035848468177,0.012140534036744893
ppg,0.1997378213566334,0.2163103752568423,86.0,97.0,0.016572553900208897,0.012736194617467805,0.011879447283266509
ppg,0.1885324193614575,0.2074334256385772,86.0,97.0,0.018901006277119686,0.01120540199517589,0.008876949618265101
ppg,0.1798987489717317,0.1988175627737904,86.0,97.0,0.018918813802058704,0.008633670389725817,0.0086158628647868
ppg,0.1727346394994061,0.1907238734159605,86.0,97.0,0.01798923391655441,0.007164109472325597,0.008093689357829892
ppg,0.167162554354264,0.1857632250998712,86.0,97.0,0.0186006707456072,0.005572085145142097,0.0049606483160893056
ppg,0.1619578594384719,0.1794971430163899,86.0,97.0,0.01753928357791798,0.005204694915792091,0.006266082083481311
ppg,0.1581002620302966,0.1761030152211709,86.0,97.0,0.0180027531908743,0.0038575974081753173,0.0033941277952189985
ppg,0.1539977378025546,0.1716645404120384,86.0,97.0,0.017666802609483806,0.004102524227741988,0.004438474809132481
ppg,0.1517321647215627,0.167356608979645,86.0,97.0,0.015624444258082293,0.0022655730809919006,0.004307931432393414
ppg,0.1502626038041626,0.1648762848216003,86.0,97.0,0.014613681017437707,0.001469560917400109,0.0024803241580446944
ppg,0.1516097013117794,0.1652679149518179,86.0,97.0,0.013658213640038497,0.0013470975076168012,0.00039163013021759063
ppg,0.1545488231465796,0.1661817185889923,86.0,97.0,0.011632895442412694,0.002939121834800218,0.0009138036371744152
ppg,0.1592024327183467,0.1689231295005153,86.0,97.0,0.009720696782168609,0.004653609571767081,0.0027414109115229957
ppg,0.163243725241197,0.1725783440492127,86.0,97.0,0.009334618808015699,0.0040412925228503205,0.003655214548697411
ppg,0.163243725241197,0.1725783440492127,86.0,97.0,0.009334618808015699,0.0,0.0
ppg,0.1679585665178557,0.1749281248305182,86.0,97.0,0.006969558312662494,0.004714841276658693,0.0023497807813054883
ppg,0.171265078582006,0.177538992365302,86.0,97.0,0.0062739137832960035,0.00330651206415028,0.0026108675347837895
ppg,0.1723060175651644,0.1771473622350844,86.0,97.0,0.004841344669920006,0.001040938983158407,0.00039163013021759063
ppg,0.1750614442852897,0.1808025767837819,86.0,97.0,0.005741132498492202,0.002755426720125298,0.003655214548697494
ppg,0.1754900662195314,0.1802804032768251,85.0,97.0,0.004790337057293703,0.0004286219342417019,0.0005221735069567968
ppg,0.1751226759901814,0.1791055128861723,85.0,97.0,0.00398283689599091,0.0003673902293500064,0.0011748903906527997
ppg,0.1743878955314813,0.1793665996396507,85.0,97.0,0.004978704108169418,0.0007347804587000961,0.00026108675347841226
ppg,0.1182996538507099,0.1250605549161465,85.0,97.0,0.006760901065436614,0.056088241680771395,0.0543060447235042
ppg,0.1167076295235264,0.1231024042650587,85.0,97.0,0.0063947747415323,0.0015920243271835,0.0019581506510878144
ppg,0.1164014709990681,0.1211442536139708,85.0,97.0,0.004742782614902699,0.00030615852445829705,0.0019581506510878977
ppg,0.1183608855556015,0.1221886006278843,85.0,97.0,0.0038277150722828,0.0019594145565333954,0.0010443470139134964
ppg,0.1222797146686686,0.1262354453067993,85.0,97.0,0.003955730638130706,0.00391882911306711,0.004046844678915015
ppg,0.1277905681089191,0.1293684863485399,85.0,97.0,0.001577918239620807,0.005510853440250485,0.0031330410417405863
ppg,0.1333014215491695,0.13419859128789,85.0,97.0,0.0008971697387205047,0.005510853440250402,0.0048301049393500994
ppg,0.13954705544812,0.1396814131109361,85.0,97.0,0.00013435766281610917,0.006245633898950498,0.005482821823046102
ppg,0.1425474089878119,0.1399424998644145,85.0,97.0,0.002604909123397392,0.0030003535396919134,0.00026108675347841226
ppg,0.1457314576421789,0.1432060842828943,85.0,97.0,0.0025253733592845995,0.003184048654367,0.0032635844184797924
ppg,0.1462213112813122,0.1417701071387632,85.0,97.0,0.004451204142548987,0.0004898536391332864,0.0014359771441311009
ppg,0.1456702259372872,0.1433366276596335,85.0,97.0,0.002333598277653698,0.0005510853440249819,0.001566520520870307
ppg,0.1446905186590205,0.1411173902550672,85.0,97.0,0.0035731284039532962,0.0009797072782667116,0.00221923740456631
ppg,0.1430372626269453,0.1394203263574577,85.0,97.0,0.003616936269487586,0.0016532560320751954,0.0016970638976094854
ppg,0.1421187870535702,0.1381148925900658,85.0,97.0,0.004003894463504409,0.0009184755733750993,0.0013054337673919225
ppg,0.1421187870535702,0.1385065227202834,85.0,97.0,0.003612264333286791,0.0,0.0003916301302176184
ppg,0.1416289334144369,0.138245435966805,85.0,97.0,0.003383497447631917,0.0004898536391332864,0.00026108675347841226
ppg,0.1420575553486786,0.1373316323296307,85.0,97.0,0.004725923019047895,0.00042862193424167416,0.0009138036371743041
ppg,0.1424861772829203,0.1383759793435442,85.0,97.0,0.004110197939376087,0.0004286219342417019,0.0010443470139135103
ppg,0.1446292869541288,0.1398119564876753,85.0,97.0,0.0048173304664534955,0.0021431096712085096,0.0014359771441311009
ppg,0.1456089942323955,0.1395508697341969,85.0,97.0,0.006058124498198619,0.0009797072782667116,0.00026108675347841226
ppg,0.1456089942323955,0.1395508697341969,85.0,97.0,0.006058124498198619,0.0,0.0
ppg,0.1480582624280624,0.1426839107759376,85.0,97.0,0.005374351652124798,0.002449268195666876,0.0031330410417406973
ppg,0.1480582624280624,0.1426839107759376,85.0,97.0,0.005374351652124798,0.0,0.0
ppg,0.1480582624280624,0.1426839107759376,85.0,97.0,0.005374351652124798,0.0,0.0
ppg,0.1514260061971043,0.1439893445433295,85.0,97.0,0.007436661653774795,0.00336774376904192,0.0013054337673919225
ppg,0.1541202012123379,0.1468612988315917,85.0,97.0,0.007258902380746196,0.0026941950152336025,0.0028719542882622018
ppg,0.1572430181618132,0.1493416229896364,85.0,97.0,0.007901395172176778,0.0031228169494752767,0.0024803241580446944
ppg,0.1793476636277067,0.1813247502907386,85.0,97.0,0.001977086663031896,0.022104645465893524,0.0319831273011022
ppg,0.1800212123815151,0.1806720334070427,85.0,97.0,0.0006508210255275759,0.0006735487538084006,0.0006527168836959196
ppg,0.1784291880543316,0.1793665996396507,85.0,97.0,0.0009374115853190979,0.0015920243271835,0.001305433767391978
ppg,0.1776331758907399,0.1796276863931291,85.0,97.0,0.0019945105023891907,0.0007960121635917083,0.0002610867534783845
ppg,0.1763473100880148,0.1757113850909533,85.0,97.0,0.0006359249970614989,0.0012858658027251058,0.003916301302175795
ppg,0.1758574564488814,0.1779306224955196,85.0,97.0,0.0020731660466382085,0.0004898536391333974,0.00221923740456631
ppg,0.1767147003173648,0.177538992365302,85.0,97.0,0.0008242920479371862,0.0008572438684834038,0.0003916301302176184
ppg,0.1768371637271482,0.1774084489885628,85.0,97.0,0.0005712852614146169,0.00012246340978339099,0.00013054337673917837
ppg,0.1782454929396566,0.1806720334070427,85.0,97.0,0.002426540467386079,0.0014083292125084135,0.0032635844184798757
ppg,0.1798987489717317,0.1801498599000859,85.0,97.0,0.0002511109283541979,0.0016532560320750844,0.0005221735069567968
ppg,0.1827154073967487,0.1826301840581305,85.0,97.0,8.522333861821219e-05,0.0028166584250170212,0.002480324158044611
ppg,0.1852871390021989,0.184979964839436,85.0,97.0,0.00030717416276290765,0.0025717316054501838,0.0023497807813054883
ppg,0.1895121266397242,0.1892878962718294,85.0,97.0,0.0002242303678947899,0.004224987637525296,0.004307931432393414
ppg,0.1929411021136578,0.1918987638066132,85.0,97.0,0.0010423383070446157,0.0034289754739336153,0.0026108675347837895
ppg,0.1971048580462915,0.1950318048483539,85.0,97.0,0.002073053197937602,0.004163755932633684,0.0031330410417406973
ppg,0.2006562969300085,0.1994702796574864,85.0,97.0,0.0011860172725220997,0.0035514388837170063,0.004438474809132509
ppg,0.2052486747968839,0.2031254942061838,85.0,97.0,0.0021231805907001022,0.004592377866875413,0.003655214548697411
ppg,0.2102084428931093,0.2076945123920555,85.0,97.0,0.002513930501053807,0.004959768096225392,0.004569018185871687
ppg,0.214555893940418,0.2125246173314057,85.0,97.0,0.0020312766090122836,0.004347451047308687,0.0048301049393502105
ppg,0.2194544303317518,0.2178768957777126,85.0,97.0,0.001577534554039195,0.004898536391333808,0.005352278446306896
ppg,0.2240468081986271,0.2207488500659748,85.0,97.0,0.0032979581326522955,0.004592377866875302,0.0028719542882622018
ppg,0.2281493324263692,0.2245346079914114,85.0,97.0,0.0036147244349578056,0.004102524227742099,0.003785757925436589
ppg,0.2321906249492195,0.2292341695540223,85.0,97.0,0.002956455395197205,0.004041292522850293,0.004699561562610893
ppg,0.2359869906525031,0.2321061238422846,85.0,97.0,0.0038808668102184862,0.003796365703283594,0.002871954288262313
ppg,0.2391098076019784,0.2349780781305468,85.0,97.0,0.004131729471431589,0.0031228169494753044,0.0028719542882622018
ppg,0.2431511001248288,0.2381111191722874,85.0,97.0,0.005039980952541406,0.004041292522850404,0.0031330410417405863
ppg,0.2431511001248288,0.2381111191722874,85.0,97.0,0.005039980952541406,0.0,0.0
ppg,0.2457228317302789,0.2426801373581592,85.0,97.0,0.0030426943721197086,0.0025717316054501005,0.004569018185871798
ppg,0.2498865876629127,0.2447688313859863,85.0,97.0,0.0051177562769263996,0.004163755932633795,0.0020886940278271038
ppg,0.2029218700110004,0.2061279918711852,85.0,97.0,0.0032061218601847907,0.04696471765191229,0.0386408395148011
ppg,0.2560097581520799,0.2510349134694675,85.0,97.0,0.004974844682612389,0.05308788814107948,0.0449069215982823
ppg,0.2588264165770967,0.2535152376275122,85.0,97.0,0.005311178949584494,0.002816658425016827,0.002480324158044722
ppg,0.2614593798874386,0.2556039316553393,85.0,97.0,0.005855448232099325,0.002632963310341907,0.002088694027827076
ppg,0.2236794179692771,0.2262316718890209,85.0,97.0,0.002552253919743813,0.03777996191816152,0.02937225976631838
ppg,0.2285167226557192,0.2300174298144575,85.0,97.0,0.0015007071587382903,0.004837304686442112,0.003785757925436589
ppg,0.2337214175715113,0.235108621507286,85.0,97.0,0.0013872039357747112,0.005204694915792091,0.005091191692828512
ppg,0.2381301003237117,0.2401998132001145,85.0,97.0,0.002069712876402785,0.00440868275220041,0.005091191692828484
ppg,0.2424163196661287,0.2446382880092471,85.0,97.0,0.0022219683431184134,0.004286219342416991,0.00443847480913262
ppg,0.2457228317302789,0.2481629591812053,85.0,97.0,0.0024401274509263937,0.0033065120641501966,0.003524671171958177
ppg,0.2508662949411794,0.2522098038601203,85.0,97.0,0.0013435089189409166,0.005143463210900506,0.004046844678915029
ppg,0.2534380265466296,0.2557344750320784,85.0,97.0,0.0022964484854487988,0.0025717316054502115,0.0035246711719580937
ppg,0.2579691727086133,0.2589980594505583,85.0,97.0,0.001028886741945012,0.00453114616198369,0.0032635844184799034
ppg,0.2625615505754887,0.2639587077666476,85.0,97.0,0.0013971571911589042,0.004592377866875386,0.004960648316089278
ppg,0.266235452868989,0.2677444656920842,85.0,97.0,0.0015090128230952349,0.0036739022935002863,0.003785757925436617
ppg,0.2704604405065144,0.2697026163431721,85.0,97.0,0.0007578241633423022,0.004224987637525435,0.0019581506510878977
ppg,0.2739506476853397,0.2746632646592614,85.0,97.0,0.0007126169739216648,0.003490207178825311,0.004960648316089278
ppg,0.277808245093515,0.277796305701002,85.0,97.0,1.1939392512982927e-05,0.0038575974081752618,0.003133041041740614
ppg,0.2811147571576653,0.2823653238868738,85.0,97.0,0.0012505667292084799,0.0033065120641503354,0.004569018185871798
ppg,0.2844212692218156,0.2835402142775265,85.0,97.0,0.0008810549442890836,0.00330651206415028,0.0011748903906527164
ppg,0.2891973422033659,0.2895452096075294,85.0,97.0,0.00034786740416348216,0.004776072981550306,0.006004995330002871
ppg,0.2921364640381662,0.2918949903888349,85.0,97.0,0.000241473649331303,0.0029391218348002734,0.0023497807813054883
ppg,0.2953817443974249,0.2945058579236187,85.0,97.0,0.0008758864738061534,0.0032452803592586954,0.002610867534783845
ppg,0.2984433296420084,0.2975083555886201,85.0,97.0,0.0009349740533883266,0.0030615852445835534,0.00300249766500138
ppg,0.2994842686251668,0.299466506239708,85.0,97.0,1.776238545880826e-05,0.0010409389831583793,0.0019581506510878977
ppg,0.301688610001267,0.3011635701373175,85.0,97.0,0.000525039863949528,0.002204341376100205,0.0016970638976094854
ppg,0.3029132440991005,0.3023384605279703,85.0,97.0,0.0005747835711301663,0.0012246340978334658,0.0011748903906528274
ppg,0.3037092562626922,0.3031217207884054,85.0,97.0,0.0005875354742868044,0.0007960121635917083,0.0007832602604350702
ppg,0.3026683172795337,0.3033828075418838,85.0,97.0,0.0007144902623500982,0.0010409389831584903,0.00026108675347841226
ppg,0.2989331832811418,0.3010330267605783,85.0,97.0,0.0020998434794364806,0.0037351339983918708,0.0023497807813054883
ppg,0.2929324762017579,0.2969861820816634,85.0,97.0,0.0040537058799055,0.006000707079383938,0.004046844678914918
ppg,0.2825230863701737,0.2883703192168766,85.0,97.0,0.00584723284670291,0.010409389831584182,0.008615862864786772
ppg,0.2825230863701737,0.2883703192168766,85.0,97.0,0.00584723284670291,0.0,0.0
ppg,0.2082490283365758,0.1990786495272688,85.0,97.0,0.00917037880930699,0.0742740580335979,0.0892916696896078
ppg,0.210453369712676,0.1994702796574864,85.0,97.0,0.010983090055189604,0.002204341376100205,0.00039163013021759063
ppg,0.2130251013181262,0.2023422339457486,85.0,97.0,0.010682867372377586,0.0025717316054501838,0.0028719542882622018
ppg,0.2146783573502013,0.2031254942061838,85.0,97.0,0.011552863144017489,0.0016532560320751122,0.000783260260435209
ppg,0.2165153084969515,0.2049531014805325,85.0,97.0,0.011562207016418996,0.0018369511467501987,0.0018276072743486915
ppg,0.218107332824135,0.2061279918711852,85.0,97.0,0.011979340952949807,0.0015920243271835,0.0011748903906526886
ppg,0.2194544303317518,0.2065196220014028,85.0,97.0,0.01293480833034899,0.0013470975076168012,0.0003916301302176184
ppg,0.2208627595442602,0.2076945123920555,85.0,97.0,0.013168247152204715,0.0014083292125084135,0.0011748903906526886
ppg,0.2209852229540435,0.2083472292757515,85.0,97.0,0.012637993678291992,0.00012246340978327996,0.0006527168836960029
ppg,0.2220873936420936,0.2103053799268394,85.0,97.0,0.011782013715254197,0.0011021706880501025,0.0019581506510878977
ppg,0.2212913814785019,0.2087388594059691,85.0,97.0,0.012552522072532796,0.0007960121635917083,0.001566520520870307
ppg,0.2199442839708851,0.2082166858990123,85.0,97.0,0.011727598071872819,0.0013470975076167735,0.0005221735069567968
ppg,0.2155356012186847,0.2052141882340109,85.0,97.0,0.010321412984673789,0.00440868275220041,0.00300249766500138
ppg,0.2075754795827674,0.1990786495272688,85.0,97.0,0.008496830055498589,0.007960121635917305,0.006135538706742105
ppg,0.1960026873582415,0.188374092634655,85.0,97.0,0.007628594723586513,0.011572792224525896,0.01070455689261382
ppg,0.1825317122820736,0.1767557321048669,85.0,97.0,0.005775980177206708,0.013470975076167901,0.011618360529788097
ppg,0.1640397374047888,0.1606988967659462,85.0,97.0,0.0033408406388426015,0.018491974877284795,0.01605683533892069
ppg,0.1472622502644707,0.1454253216874606,85.0,97.0,0.001836928577010094,0.016777487140318098,0.01527357507848559
ppg,0.1289539705018608,0.1302822899857143,85.0,97.0,0.0013283194838535073,0.018308279762609903,0.015143031701746301
ppg,0.1110743126734926,0.1123978473724449,85.0,97.0,0.0013235346989523,0.0178796578283682,0.017884442613269408
ppg,0.0953989962212246,0.0988213361915688,85.0,97.0,0.0034223399703442042,0.01567531645226801,0.013576511180876105
ppg,0.0822954113744069,0.0855059117641712,85.0,97.0,0.003210500389764309,0.0131035848468177,0.013315424427397596
ppg,0.0708450825596642,0.0748013548715574,85.0,97.0,0.0039562723118932025,0.0114503288147427,0.010704556892613806
ppg,0.0612317048916718,0.0665771221369882,85.0,97.0,0.005345417245316404,0.009613377667992397,0.008224232734569195
ppg,0.0543737539438045,0.0588750629093758,85.0,97.0,0.004501308965571306,0.0068579509478673,0.007702059227612398
ppg,0.0486179736839874,0.0514340904352419,85.0,97.0,0.0028161167512544966,0.0057557802598170935,0.007440972474133903
ppg,0.044392986046462,0.0464734421191526,85.0,97.0,0.002080456072690598,0.0042249876375254,0.004960648316089299
ppg,0.044392986046462,0.0464734421191526,85.0,97.0,0.002080456072690598,0.0,0.0
ppg,0.2474985511721374,0.2488156760649012,85.0,97.0,0.0013171248927638102,0.2031055651256754,0.2023422339457486
ppg,0.2329866371128112,0.2377194890420699,85.0,97.0,0.004732851929258708,0.014511914059326197,0.0110961870228313
ppg,0.2179848694143517,0.2246651513681506,85.0,97.0,0.006680281953798911,0.015001767698459512,0.013054337673919308
ppg,0.2004726018153335,0.2087388594059691,85.0,97.0,0.008266257590635595,0.017512267599018194,0.01592629196218151
ppg,0.1827154073967487,0.19242093731357,85.0,97.0,0.009705529916821276,0.017757194418584782,0.0163179220923991
ppg,0.1660603836662139,0.1768862754816061,85.0,97.0,0.010825891815392202,0.016655023730534818,0.015534661831963892
ppg,0.1497727501650292,0.1629181341705124,85.0,97.0,0.013145384005483207,0.0162876335011847,0.013968141311093696
ppg,0.1345260556470029,0.1488194494826796,85.0,97.0,0.01429339383567671,0.015246694518026294,0.014098684687832791
ppg,0.1217898610295352,0.1369400021994131,85.0,97.0,0.015150141169877895,0.012736194617467694,0.011879447283266509
ppg,0.1100946053952259,0.1258438151765817,85.0,97.0,0.015749209781355786,0.011695255634309301,0.01109618702283141
ppg,0.1009098496614751,0.1170974089350558,85.0,97.0,0.01618755927358069,0.009184755733750799,0.008746406241525895
ppg,0.091970020747291,0.1075677424330947,85.0,97.0,0.0155977216858037,0.0089398289141841,0.00952966650196109
ppg,0.0846222161602904,0.1005184000891783,85.0,97.0,0.01589618392888789,0.0073478045870006,0.007049342343916409
ppg,0.0792338261298233,0.0928163408615659,85.0,97.0,0.013582514731742601,0.005388390030467108,0.007702059227612398
ppg,0.0737842043944645,0.0865502587780847,85.0,97.0,0.012766054383620204,0.005449621735358803,0.0062660820834812
ppg,0.0697429118716142,0.0826339574759089,85.0,97.0,0.012891045604294701,0.004041292522850293,0.003916301302175795
ppg,0.0678447290199723,0.0805452634480818,85.0,97.0,0.012700534428109506,0.001898182851641908,0.0020886940278271038
ppg,0.0678447290199723,0.0768900488993845,85.0,97.0,0.009045319879412206,0.0,0.0036552145486972998
ppg,0.0697429118716142,0.0792398296806899,85.0,97.0,0.009496917809075703,0.001898182851641908,0.002349780781305405
ppg,0.0724371068868477,0.0787176561737331,85.0,97.0,0.006280549286885401,0.0026941950152334915,0.0005221735069568106
ppg,0.0754374604265396,0.080675806824821,85.0,97.0,0.005238346398281413,0.0030003535396918996,0.0019581506510879115
ppg,0.0778254969173148,0.0817201538387346,85.0,97.0,0.003894656921419798,0.0023880364907752083,0.0010443470139135935
ppg,0.0799073748836317,0.081981240592213,85.0,97.0,0.002073865708581299,0.0020818779663168974,0.0002610867534783984
ppg,0.0806421553423317,0.081328523708517,85.0,97.0,0.0006863683661852971,0.000734780458699999,0.0006527168836960029
ppg,0.0802747651129817,0.0809368935782994,85.0,97.0,0.000662128465317699,0.00036739022934999255,0.00039163013021759063
ppg,0.08021353340809,0.0801536333178642,85.0,97.0,5.990009022580067e-05,6.123170489170937e-05,0.000783260260435209
ppg,0.0794175212444983,0.0792398296806899,85.0,97.0,0.00017769156380839646,0.0007960121635916945,0.0009138036371742903
ppg,0.0788052041955816,0.078587112796994,85.0,97.0,0.00021809139858759707,0.0006123170489167051,0.0006527168836959057
ppg,0.0784990456711232,0.0774122224063412,85.0,97.0,0.0010868232647820025,0.0003061585244583942,0.0011748903906527997
ppg,0.0802747651129817,0.0797620031876467,85.0,97.0,0.0005127619253350035,0.0017757194418585032,0.002349780781305502
ppg,0.0811320089814651,0.0801536333178642,85.0,97.0,0.0009783756636009,0.00085724386848339,0.0003916301302174935
ppg,0.083764972291807,0.0831561309828657,85.0,97.0,0.000608841308941302,0.002632963310341907,0.003002497665001505
ppg,0.0871939477657406,0.085375368387432,85.0,97.0,0.0018185793783086074,0.0034289754739336015,0.002219237404566296
ppg,0.0376574985083781,0.0383797527613226,85.0,97.0,0.0007222542529444972,0.0495364492573625,0.0469956156261094
ppg,0.043658205587762,0.042687684193716,85.0,97.0,0.0009705213940459992,0.006000707079383896,0.0043079314323934
ppg,0.0478219615203956,0.0466039854958917,85.0,97.0,0.0012179760245038945,0.0041637559326336004,0.003916301302175705
ppg,0.0516183272236793,0.0506508301748067,85.0,97.0,0.0009674970488726051,0.003796365703283705,0.0040468446789149945
ppg,0.0544349856486962,0.0523478940724162,85.0,97.0,0.002087091576280002,0.0028166584250168963,0.0016970638976094993
ppg,0.0545574490584795,0.0533922410863298,85.0,97.0,0.0011652079721497025,0.00012246340978330078,0.0010443470139136005
ppg,0.0571291806639298,0.0545671314769825,85.0,97.0,0.0025620491869473017,0.0025717316054503017,0.0011748903906527025
ppg,0.0585987415813299,0.0554809351141569,85.0,97.0,0.0031178064671729955,0.001469560917400095,0.0009138036371744013
ppg,0.0598233756791633,0.0573085423885055,85.0,97.0,0.0025148332906577975,0.0012246340978334033,0.0018276072743486013
ppg,0.0603744610231883,0.0571779990117664,85.0,97.0,0.0031964620114219022,0.0005510853440250027,0.00013054337673910205
ppg,0.0622114121699385,0.0582223460256799,85.0,97.0,0.0039890661442586045,0.0018369511467501987,0.0010443470139134964
ppg,0.0642320584313637,0.0613553870674205,85.0,97.0,0.002876671363943206,0.002020646261425202,0.0031330410417406
ppg,0.067722265610189,0.063705167848726,85.0,97.0,0.004017097761463001,0.003490207178825297,0.002349780781305502
ppg,0.0701715338058558,0.0673603823974234,85.0,97.0,0.0028111514084324107,0.0024492681956668066,0.003655214548697397
ppg,0.0752537653118646,0.069840706555468,85.0,97.0,0.00541305875639661,0.005082231506008797,0.0024803241580445973
ppg,0.0801523017031983,0.0746708114948182,85.0,97.0,0.0054814902083800965,0.0048985363913336966,0.0048301049393502105
ppg,0.0857243868483405,0.0814590670852562,85.0,97.0,0.004265319763084294,0.005572085145142194,0.006788255590437997
ppg,0.0925211060913161,0.0866808021548239,85.0,97.0,0.005840303936492194,0.006796719242975605,0.005221735069567704
ppg,0.0988279716951583,0.0935996011220011,85.0,97.0,0.005228370573157212,0.006306865603842207,0.006918798967177189
ppg,0.1061145445772672,0.102346007363527,85.0,97.0,0.0037685372137401946,0.007286572882108891,0.008746406241525909
ppg,0.1138297393936179,0.1086120894470083,85.0,97.0,0.005217649946609601,0.007715194816350704,0.0062660820834812975
ppg,0.1218510927344268,0.1164446920513598,85.0,97.0,0.005406400683067011,0.008021353340808904,0.007832602604351493
ppg,0.1301786045996943,0.1249300115394074,85.0,97.0,0.005248593060286896,0.008327511865267492,0.008485319488047607
ppg,0.1372814823671282,0.1335458744041941,85.0,97.0,0.0037356079629340955,0.007102877767433902,0.008615862864786702
ppg,0.1444455918394538,0.1395508697341969,85.0,97.0,0.0048947221052569045,0.007164109472325597,0.006004995330002788
ppg,0.1524057134753711,0.1464696687013742,85.0,97.0,0.005936044773996896,0.007960121635917305,0.006918798967177314
ppg,0.1596922863574801,0.1543022713057257,85.0,97.0,0.0053900150517543766,0.007286572882108988,0.007832602604351507
ppg,0.1666727007151306,0.1620043305333381,85.0,97.0,0.004668370181792503,0.006980414357650511,0.0077020592276123845
ppg,0.1161565441795014,0.1185333860791869,85.0,97.0,0.0023768418996854973,0.0505161565356292,0.0434709444541512
ppg,0.1213000073904018,0.1232329476417978,85.0,97.0,0.0019329402513960092,0.005143463210900395,0.004699561562610907
ppg,0.126872092535544,0.130804463492671,85.0,97.0,0.003932370957127007,0.005572085145142194,0.007571515850873192
ppg,0.1322604825660111,0.1373316323296307,85.0,97.0,0.005071149763619581,0.005388390030467122,0.006527168836959696
ppg,0.1384448847600699,0.1417701071387632,85.0,97.0,0.0033252223786933155,0.0061844021940587746,0.004438474809132509
ppg,0.1441394333149954,0.1485583627292012,85.0,97.0,0.004418929414205797,0.005694548554925516,0.006788255590437997
ppg,0.1503850672139459,0.153127380915073,85.0,97.0,0.002742313701127097,0.006245633898950498,0.004569018185871798
ppg,0.1503850672139459,0.153127380915073,85.0,97.0,0.002742313701127097,0.0,0.0
ppg,0.1557122255395214,0.1591323762450759,85.0,97.0,0.0034201507055544866,0.0053271583255755095,0.006004995330002899
ppg,0.1609781521602052,0.1637013944309476,85.0,97.0,0.0027232422707424153,0.005265926620683786,0.004569018185871715
ppg,0.1656317617319722,0.1693147596307329,85.0,97.0,0.003682997898760698,0.004653609571766998,0.005613365199785281
ppg,0.170897688352656,0.1740143211933438,85.0,97.0,0.0031166328406878052,0.005265926620683814,0.004699561562610921
ppg,0.175367602809748,0.1785833393792156,85.0,97.0,0.0032157365694676088,0.004469914457091995,0.004569018185871798
ppg,0.1789802733983567,0.1817163804209562,85.0,97.0,0.0027361070225994932,0.003612670588608702,0.0031330410417405863
ppg,0.1822867854625069,0.1844577913324792,85.0,97.0,0.0021710058699722923,0.0033065120641501966,0.0027414109115229957
ppg,0.1860831511657906,0.1878519191276983,85.0,97.0,0.0017687679619076968,0.003796365703283705,0.0033941277952191096
ppg,0.1890835047054825,0.1904627866624821,85.0,97.0,0.0013792819569996007,0.0030003535396918857,0.0026108675347837895
ppg,0.1919001631304994,0.193073654197266,85.0,97.0,0.001173491066766591,0.00281665842501691,0.0026108675347839005
ppg,0.1941045045065997,0.1947707180948755,85.0,97.0,0.0006662135882758158,0.0022043413761002884,0.0016970638976095132
ppg,0.1968599312267249,0.1967288687459633,85.0,97.0,0.0001310624807616123,0.0027554267201252147,0.0019581506510877866
ppg,0.198696882373475,0.1982953892668337,85.0,97.0,0.0004014931066412819,0.0018369511467500876,0.001566520520870418
ppg,0.2010849188642502,0.199209192904008,85.0,97.0,0.0018757259602422138,0.0023880364907752083,0.0009138036371742764
ppg,0.202432016371867,0.2001229965411824,85.0,97.0,0.0023090198306846,0.0013470975076168012,0.0009138036371744152
ppg,0.2042077358137254,0.2015589736853135,85.0,97.0,0.002648762128411891,0.0017757194418583921,0.0014359771441311009
ppg,0.2048812845675339,0.2024727773224878,85.0,97.0,0.0024085072450460987,0.0006735487538085116,0.0009138036371743041
ppg,0.2056160650262339,0.2029949508294446,85.0,97.0,0.002621114196789287,0.0007347804586999851,0.0005221735069567968
ppg,0.2054323699115589,0.2014284303085743,85.0,97.0,0.004003939602984591,0.0001836951146750032,0.001566520520870307
ppg,0.2053099065017756,0.2003840832946608,85.0,97.0,0.004925823207114821,0.00012246340978327996,0.0010443470139135103
ppg,0.2056160650262339,0.2003840832946608,85.0,97.0,0.005231981731573104,0.0003061585244582832,0.0
ppg,0.2039015772892671,0.1976426723831377,85.0,97.0,0.006258904906129403,0.00171448773696678,0.002741410911523079
ppg,0.202799406601217,0.1963372386157458,85.0,97.0,0.0064621679854711955,0.0011021706880501025,0.0013054337673918948
ppg,0.2014523090936002,0.1945096313413971,85.0,97.0,0.0069426777522031136,0.0013470975076168012,0.0018276072743487193
ppg,0.1999827481762001,0.1938569144577011,85.0,97.0,0.0061258337184990075,0.001469560917400109,0.0006527168836960029
ppg,0.1012160081859335,0.0907276468337389,86.0,97.0,0.010488361352194595,0.0987667399902666,0.10312926762396218
ppg,0.1044612885451921,0.0942523180056971,86.0,97.0,0.010208970539495002,0.0032452803592585983,0.003524671171958191
ppg,0.1075841054946673,0.0966020987870026,86.0,97.0,0.010982006707664707,0.0031228169494752073,0.002349780781305502
ppg,0.1106456907392509,0.0994740530752648,86.0,97.0,0.0111716376639861,0.003061585244583595,0.0028719542882622018
ppg,0.1106456907392509,0.0994740530752648,86.0,97.0,0.0111716376639861,0.0,0.0
ppg,0.1146257515572096,0.1031292676239622,86.0,97.0,0.011496483933247398,0.003980060817958694,0.003655214548697397
ppg,0.1182996538507099,0.1076982858098339,86.0,97.0,0.010601368040875997,0.0036739022935003,0.004569018185871701
ppg,0.1182996538507099,0.1076982858098339,86.0,97.0,0.010601368040875997,0.0,0.0
ppg,0.1238105072909604,0.11318110763288,86.0,97.0,0.010629399658080393,0.005510853440250499,0.005482821823046102
ppg,0.1277905681089191,0.1161836052978814,86.0,97.0,0.011606962811037694,0.003980060817958694,0.003002497665001394
ppg,0.1312807752877443,0.120622080107014,86.0,97.0,0.010658695180730288,0.0034902071788252,0.004438474809132606
ppg,0.1357506897448364,0.1266270754370169,86.0,97.0,0.009123614307819494,0.004469914457092106,0.006004995330002899
ppg,0.1400369090872534,0.1292379429718007,86.0,97.0,0.010798966115452696,0.004286219342416991,0.0026108675347837895
ppg,0.143465884561187,0.13419859128789,86.0,97.0,0.009267293273297006,0.0034289754739336153,0.0049606483160893056
ppg,0.146649933215554,0.137592719083109,86.0,97.0,0.009057214132445007,0.003184048654367,0.0033941277952189985
ppg,0.1493441282307875,0.1413784770085457,86.0,97.0,0.007965651222241799,0.0026941950152334915,0.0037857579254367
ppg,0.1489155062965458,0.1405952167481105,86.0,97.0,0.008320289548435278,0.0004286219342417019,0.0007832602604351813
ppg,0.1432209577416203,0.1378538058365874,86.0,97.0,0.005367151905032896,0.005694548554925488,0.0027414109115231067
ppg,0.1347709824665696,0.1298906598554967,86.0,97.0,0.004880322611072907,0.008449975275050703,0.007963145981090713
ppg,0.1228920317175853,0.119316646339622,86.0,97.0,0.0035753853779633,0.011878950748984304,0.010574013515874697
ppg,0.1095435200512008,0.1069150255493988,86.0,97.0,0.002628494501801998,0.013348511666384497,0.012401620790223195
ppg,0.0958276181554663,0.0968631855404809,86.0,97.0,0.0010355673850146047,0.013715901895734503,0.0100518400089179
ppg,0.0832138869477819,0.08406993462004,86.0,97.0,0.000856047672258109,0.0126137312076844,0.012793250920440896
ppg,0.0720697166574977,0.0758457018854709,86.0,97.0,0.0037759852279732053,0.011144170290284194,0.008224232734569098
ppg,0.0634972779726636,0.0690574462950329,86.0,97.0,0.005560168322369302,0.008572438684834108,0.006788255590438011
ppg,0.0576802660079548,0.0629219075882908,86.0,97.0,0.005241641580336007,0.005817011964708796,0.006135538706742091
ppg,0.0541288271242378,0.0600499533000286,86.0,97.0,0.005921126175790804,0.0035514388837169994,0.0028719542882622018
ppg,0.0538226685997795,0.0605721268069854,86.0,97.0,0.006749458207205898,0.00030615852445829705,0.0005221735069567968
ppg,0.2054936016164506,0.2152660282429287,86.0,97.0,0.009772426626478092,0.15167093301667112,0.1546939014359433
ppg,0.1955128337191081,0.2071723388850988,86.0,97.0,0.011659505165990708,0.009980767897342507,0.008093689357829892
ppg,0.1820418586429402,0.1969899554994418,86.0,97.0,0.014948096856501586,0.013470975076167901,0.010182383385657023
ppg,0.166611469010239,0.1834134443185657,86.0,97.0,0.016801975308326722,0.015430389632701214,0.013576511180876077
ppg,0.1506912257384043,0.1687925861237761,86.0,97.0,0.0181013603853718,0.015920243271834694,0.014620858194789615
ppg,0.1339137385980862,0.1545633580592041,86.0,97.0,0.020649619461117902,0.016777487140318098,0.014229228064571997
ppg,0.11940182453876,0.1417701071387632,86.0,97.0,0.022368282600003203,0.014511914059326197,0.012793250920440896
ppg,0.1062370079870505,0.1275408790741912,86.0,97.0,0.0213038710871407,0.013164816551709493,0.014229228064571997
ppg,0.0941131304184995,0.1176195824420126,86.0,97.0,0.02350645202351309,0.012123877568551003,0.009921296632178611
ppg,0.0941131304184995,0.1176195824420126,86.0,97.0,0.02350645202351309,0.0,0.0
ppg,0.0856631551434488,0.1095258930841826,86.0,97.0,0.023862737940733805,0.008449975275050703,0.008093689357829989
ppg,0.0797849114738483,0.1019543772333094,86.0,97.0,0.022169465759461104,0.005878243669600505,0.007571515850873206
ppg,0.075743618950998,0.0975159024241769,86.0,97.0,0.021772283473178902,0.004041292522850293,0.004438474809132495
ppg,0.0737229726895728,0.0954272083963498,86.0,97.0,0.021704235706777,0.002020646261425202,0.0020886940278271038
ppg,0.0736005092797895,0.0964715554102633,86.0,97.0,0.02287104613047379,0.00012246340978329384,0.0010443470139134964
ppg,0.0751925336069729,0.0964715554102633,86.0,97.0,0.0212790218032904,0.001592024327183389,0.0
ppg,0.0776418018026398,0.1007794868426567,86.0,97.0,0.023137685040016898,0.002449268195666904,0.0043079314323934
ppg,0.0824791064890819,0.1045652447680933,86.0,97.0,0.022086138279011402,0.004837304686442098,0.003785757925436603
ppg,0.0886635086831408,0.1095258930841826,86.0,97.0,0.02086238440104181,0.0061844021940588995,0.0049606483160893056
ppg,0.095705154745683,0.1152698016607071,86.0,97.0,0.019564646915024103,0.007041646062542206,0.005743908576524501
ppg,0.1039714349060587,0.1224496873813627,86.0,97.0,0.018478252475304005,0.0082662801603757,0.007179885720655602
ppg,0.1118703248370844,0.1285852260881048,86.0,97.0,0.016714901251020403,0.007898889931025693,0.006135538706742091
ppg,0.1187282757849516,0.1352429383018036,86.0,97.0,0.01651466251685199,0.006857950947867203,0.006657712213698791
ppg,0.1247289828643354,0.1399424998644145,86.0,97.0,0.015213517000079113,0.006000707079383799,0.004699561562610921
ppg,0.1296887509605608,0.1435977144131119,86.0,97.0,0.013908963452551104,0.004959768096225392,0.003655214548697383
ppg,0.1326891045002528,0.1479056458455053,86.0,97.0,0.015216541345252493,0.0030003535396920245,0.004307931432393414
ppg,0.1349546775812446,0.1493416229896364,86.0,97.0,0.014386945408391805,0.0022655730809917896,0.0014359771441311009
ppg,0.1375876408915865,0.1512997736407243,86.0,97.0,0.013712132749137795,0.002632963310341907,0.0019581506510878977
ppg,0.1089924347071758,0.1353734816785428,87.0,97.0,0.026381046971366992,0.028595206184410707,0.01592629196218151
ppg,0.1109518492637093,0.1361567419389779,87.0,97.0,0.025204892675268598,0.0019594145565334925,0.000783260260435098
ppg,0.1145645198523179,0.1379843492133266,87.0,97.0,0.023419829361008712,0.0036126705886086047,0.0018276072743487193
ppg,0.11940182453876,0.1424228240224592,87.0,97.0,0.023020999483699206,0.004837304686442098,0.004438474809132592
ppg,0.1265659340110856,0.1462085819478958,87.0,97.0,0.019642647936810198,0.007164109472325597,0.003785757925436589
ppg,0.1516097013117794,0.1657900884587747,86.0,97.0,0.014180387146995294,0.025043767300693798,0.019581506510878893
ppg,0.1381387262356116,0.1566520520870312,87.0,97.0,0.0185133258514196,0.01347097507616779,0.009138036371743485
ppg,0.1423637138731369,0.1634403076774692,87.0,97.0,0.0210765938043323,0.004224987637525296,0.006788255590437997
ppg,0.146649933215554,0.1655290017052963,87.0,97.0,0.0188790684897423,0.0042862193424171025,0.0020886940278271038
ppg,0.1491604331161125,0.1684009559935585,87.0,97.0,0.019240522877446015,0.0025104999005584883,0.0028719542882622018
ppg,0.1505075306237293,0.1698369331376897,87.0,97.0,0.019329402513960398,0.0013470975076168012,0.0014359771441311842
ppg,0.1510586159677543,0.1697063897609505,87.0,97.0,0.01864777379319621,0.0005510853440250096,0.00013054337673917837
ppg,0.1521607866558044,0.170750736774864,87.0,97.0,0.01858995011905959,0.0011021706880501025,0.0010443470139134825
ppg,0.1521607866558044,0.1721867139189951,87.0,97.0,0.02002592726319069,0.0,0.0014359771441311009
ppg,0.1533854207536379,0.1717950837887775,87.0,97.0,0.018409663035139606,0.0012246340978334935,0.00039163013021759063
ppg,0.1544263597367963,0.1728394308026911,87.0,97.0,0.018413071065894793,0.001040938983158407,0.0010443470139135935
ppg,0.1565694694080048,0.1746670380770398,87.0,97.0,0.018097568669034975,0.0021431096712085096,0.0018276072743486915
ppg,0.1582839571449716,0.1749281248305182,87.0,97.0,0.016644167685546607,0.00171448773696678,0.00026108675347841226
ppg,0.1615292375042302,0.1784527960024764,87.0,97.0,0.0169235584982462,0.003245280359258612,0.0035246711719582047
ppg,0.1615292375042302,0.1784527960024764,87.0,97.0,0.0169235584982462,0.0,0.0
ppg,0.1647132861585971,0.1814552936674778,87.0,97.0,0.01674200750888072,0.003184048654366889,0.003002497665001408
ppg,0.1683259567472058,0.1855021383463928,87.0,97.0,0.01717618159918699,0.003612670588608702,0.004046844678914974
ppg,0.1718161639260311,0.1888962661416118,87.0,97.0,0.017080102215580706,0.003490207178825311,0.0033941277952190263
ppg,0.1764085417929065,0.1937263710809619,87.0,97.0,0.01731782928805542,0.004592377866875386,0.0048301049393500994
ppg,0.1808784562499985,0.1977732157598769,87.0,97.0,0.016894759509878426,0.004469914457091995,0.0040468446789150014
ppg,0.186389309690249,0.2027338640759662,87.0,97.0,0.01634455438571719,0.005510853440250513,0.004960648316089278
ppg,0.1906142973277743,0.2067807087548812,87.0,97.0,0.016166411427106897,0.004224987637525296,0.0040468446789150014
ppg,0.1954516020142164,0.2113497269407529,87.0,97.0,0.0158981249265365,0.004837304686442112,0.004569018185871715
ppg,0.2004726018153335,0.2144827679824935,87.0,97.0,0.014010166167159999,0.0050209998011170875,0.0031330410417405863
ppg,0.2046363577479671,0.2200961331822789,87.0,97.0,0.015459775434311818,0.0041637559326336004,0.0056133651997854195
ppg,0.2079428698121175,0.2238818911077155,87.0,97.0,0.015939021295598016,0.003306512064150391,0.003785757925436589
ppg,0.2128414062034512,0.2270149321494561,87.0,97.0,0.014173525946004878,0.004898536391333724,0.0031330410417405863
ppg,0.2162091499724932,0.2309312334516319,87.0,97.0,0.014722083479138726,0.0033677437690419754,0.003916301302175823
ppg,0.2207402961344769,0.2343253612468508,87.0,97.0,0.013585065112373895,0.004531146161983718,0.0033941277952188875
ppg,0.1579165669156216,0.1684009559935585,87.0,97.0,0.010484389077936918,0.06282372921885532,0.0659244052532923
ppg,0.1614680057993385,0.170750736774864,87.0,97.0,0.009282730975525483,0.003551438883716923,0.0023497807813054883
ppg,0.1644071276341388,0.1737532344398654,87.0,97.0,0.00934610680572659,0.002939121834800301,0.003002497665001408
ppg,0.1678361031080724,0.1772779056118237,87.0,97.0,0.00944180250375129,0.0034289754739335876,0.003524671171958288
ppg,0.171081383467331,0.1789749695094332,87.0,97.0,0.00789358604210219,0.003245280359258612,0.0016970638976095132
ppg,0.1737755784825645,0.1805414900303035,87.0,97.0,0.006765911547739006,0.0026941950152334915,0.001566520520870307
ppg,0.1768983954320399,0.1830218141883481,87.0,97.0,0.006123418756308202,0.0031228169494753877,0.0024803241580445834
ppg,0.1799599806766234,0.1845883347092184,87.0,97.0,0.004628354032595011,0.003061585244583498,0.001566520520870307
ppg,0.1822867854625069,0.1875908323742199,87.0,97.0,0.00530404691171299,0.002326804785883513,0.003002497665001491
ppg,0.1847360536581739,0.1902016999090037,87.0,97.0,0.00546564625082982,0.002449268195666987,0.0026108675347838173
ppg,0.1877364071978658,0.1913765902996565,87.0,97.0,0.003640183101790706,0.0030003535396919134,0.0011748903906527997
ppg,0.1902469070984243,0.1932041975740052,87.0,97.0,0.0029572904755809093,0.0025104999005584883,0.0018276072743486915
ppg,0.1925124801794161,0.1956845217320498,87.0,97.0,0.003172041552633703,0.0022655730809918173,0.002480324158044611
ppg,0.1949005166701914,0.1981648458900945,87.0,97.0,0.003264329219903106,0.0023880364907752916,0.0024803241580446944
ppg,0.1974110165707499,0.2002535399179216,87.0,97.0,0.0028425233471717215,0.0025104999005584883,0.0020886940278271038
ppg,0.2005950652251168,0.2022116905690095,87.0,97.0,0.0016166253438927025,0.0031840486543669166,0.0019581506510878977
ppg,0.2024932480767587,0.2033865809596622,87.0,97.0,0.000893332882903497,0.0018981828516418942,0.0011748903906526886
ppg,0.2051874430919922,0.2046920147270541,87.0,97.0,0.0004954283649380997,0.0026941950152334915,0.0013054337673918948
ppg,0.2082490283365758,0.2080861425222731,87.0,97.0,0.0001628858143027101,0.003061585244583609,0.0033941277952189985
ppg,0.2110656867615927,0.2113497269407529,87.0,97.0,0.00028404017916019986,0.00281665842501691,0.00326358441847982
ppg,0.2110656867615927,0.2113497269407529,87.0,97.0,0.00028404017916019986,0.0,0.0
ppg,0.2138823451866096,0.2131773342151016,87.0,97.0,0.0007050109715079911,0.0028166584250168825,0.0018276072743486915
ppg,0.2168214670214099,0.2150049414894503,87.0,97.0,0.0018165255319596008,0.002939121834800301,0.0018276072743486915
ppg,0.2196381254464268,0.2187906994148869,87.0,97.0,0.000847426031539894,0.00281665842501691,0.003785757925436617
ppg,0.222577247281227,0.2223153705868451,87.0,97.0,0.00026187669438187955,0.00293912183480019,0.0035246711719582047
ppg,0.2256388325258106,0.2259705851355425,87.0,97.0,0.0003317526097318946,0.003061585244583609,0.003655214548697383
ppg,0.2287004177703942,0.2297563430609791,87.0,97.0,0.0010559252905849026,0.003061585244583609,0.003785757925436617
ppg,0.2321293932443278,0.2321061238422846,87.0,97.0,2.326940204319672e-05,0.0034289754739335876,0.0023497807813054883
ppg,0.2204341376100185,0.2172241788940166,87.0,97.0,0.0032099587160019094,0.011695255634309287,0.014881944948268
ppg,0.2241080399035188,0.220879393442714,87.0,97.0,0.003228646460804785,0.0036739022935002863,0.003655214548697411
ppg,0.2280268690165858,0.2247956947448898,87.0,97.0,0.0032311742716960024,0.003918829113067013,0.003916301302175795
ppg,0.2319456981296528,0.228320365916848,87.0,97.0,0.0036253322128047827,0.003918829113066985,0.0035246711719582047
ppg,0.2351297467840197,0.2330199274794589,87.0,97.0,0.002109819304560806,0.0031840486543669166,0.004699561562610893
ppg,0.2381301003237117,0.2358918817677212,87.0,97.0,0.0022382185559905177,0.0030003535396919967,0.002871954288262285
ppg,0.2403956734047035,0.2388943794327226,87.0,97.0,0.0015012939719808993,0.0022655730809917896,0.003002497665001408
ppg,0.2429061733052621,0.238502749302505,87.0,97.0,0.004403424002757089,0.0025104999005585993,0.00039163013021759063
ppg,0.2444981976324455,0.2417663337209848,88.0,97.0,0.0027318639114607135,0.0015920243271834167,0.0032635844184797924
ppg,0.2463351487791957,0.2445077446325079,88.0,97.0,0.0018274041466878055,0.0018369511467501987,0.0027414109115231067
ppg,0.2468862341232207,0.2446382880092471,88.0,97.0,0.0022479461139735812,0.0005510853440249819,0.00013054337673920613
ppg,0.2463963804840873,0.2460742651533782,88.0,97.0,0.00032211533070908294,0.0004898536391333974,0.0014359771441311009
ppg,0.2442532708128788,0.2452910048929431,88.0,97.0,0.001037734080064301,0.0021431096712085096,0.0007832602604351258
ppg,0.23806886861882,0.2415052469675065,88.0,97.0,0.0034363783486864863,0.0061844021940587746,0.003785757925436589
ppg,0.2301087469829027,0.2353697082607644,88.0,97.0,0.0052609612778616865,0.007960121635917305,0.006135538706742105
ppg,0.2198830522659935,0.2275371056564128,88.0,97.0,0.007654053390419302,0.010225694716909206,0.00783260260435159
ppg,0.2084327234512508,0.2186601560381477,88.0,97.0,0.0102274325868969,0.0114503288147427,0.008876949618265101
ppg,0.1956352971288914,0.2092610329129259,88.0,97.0,0.013625735784034476,0.01279742632235939,0.009399123125221814
ppg,0.1835726512652321,0.1972510422529201,88.0,97.0,0.013678390987688,0.012062645863659321,0.012009990660005798
ppg,0.1722447858602728,0.1881130058811766,88.0,97.0,0.015868220020903795,0.01132786540495928,0.009138036371743485
ppg,0.1620190911433636,0.1797582297698683,88.0,97.0,0.017739138626504697,0.010225694716909206,0.008354776111308304
ppg,0.1553448353101714,0.174144864570083,88.0,97.0,0.018800029259911588,0.0066742558331922,0.0056133651997853085
ppg,0.1489155062965458,0.1656595450820355,88.0,97.0,0.016744038785489718,0.006429329013625612,0.008485319488047482
ppg,0.1442006650198871,0.1618737871565989,88.0,97.0,0.017673122136711794,0.004714841276658693,0.003785757925436617
ppg,0.1408941529557368,0.1579574858544231,88.0,97.0,0.017063332898686306,0.0033065120641503076,0.003916301302175795
ppg,0.1390572018089867,0.1557382484498568,88.0,97.0,0.016681046640870084,0.0018369511467500876,0.00221923740456631
ppg,0.1390572018089867,0.1557382484498568,88.0,97.0,0.016681046640870084,0.0,0.0
ppg,0.1370977872524532,0.153780097798769,88.0,97.0,0.016682310546315804,0.0019594145565335064,0.0019581506510877866
ppg,0.1353832995154864,0.1523441206546378,88.0,97.0,0.0169608211391514,0.0017144877369668077,0.001435977144131212
ppg,0.135444531220378,0.1512997736407243,88.0,97.0,0.015855242420346305,6.123170489161223e-05,0.0010443470139134825
ppg,0.1361793116790781,0.1509081435105067,88.0,97.0,0.01472883183142859,0.0007347804587000961,0.0003916301302176184
ppg,0.1384448847600699,0.1514303170174635,88.0,97.0,0.012985432257393625,0.0022655730809917896,0.0005221735069568245
ppg,0.1418738602340035,0.1541717279289865,88.0,97.0,0.012297867694983006,0.0034289754739336153,0.0027414109115229957
ppg,0.1006036911370168,0.1127894775026625,88.0,97.0,0.012185786365645698,0.041270169096986706,0.04138225042632401
ppg,0.0942968255331745,0.1062623086657028,88.0,97.0,0.011965483132528293,0.0063068656038422904,0.006527168836959696
ppg,0.0890921306173824,0.1018238338565702,88.0,97.0,0.012731703239187805,0.005204694915792105,0.004438474809132592
ppg,0.0861530087825822,0.0973853590474377,88.0,97.0,0.0112323502648555,0.002939121834800204,0.004438474809132509
ppg,0.0826015698988652,0.0947744915126539,88.0,97.0,0.01217292161378869,0.0035514388837169925,0.0026108675347838034
ppg,0.0793562895396066,0.0902054733267821,88.0,97.0,0.01084918378717549,0.0032452803592585983,0.004569018185871798
ppg,0.0776418018026398,0.0875946057919983,88.0,97.0,0.009952803989358508,0.0017144877369668077,0.0026108675347837895
ppg,0.0763559359999147,0.0852448250106928,88.0,97.0,0.008888889010778098,0.0012858658027250919,0.002349780781305502
ppg,0.0775193383928565,0.0857669985176496,88.0,97.0,0.008247660124793096,0.001163402392941798,0.0005221735069567968
ppg,0.0807033870472234,0.0877251491687374,88.0,97.0,0.007021762121514008,0.003184048654366889,0.0019581506510878005
ppg,0.0857243868483405,0.0898138431965645,88.0,97.0,0.00408945634822401,0.005020999801117101,0.0020886940278271038
ppg,0.0910515451739159,0.0958188385265674,88.0,97.0,0.004767293352651511,0.0053271583255753985,0.006004995330002899
ppg,0.0961950083848164,0.0971242722939593,88.0,97.0,0.0009292639091428995,0.005143463210900506,0.0013054337673918948
ppg,0.1004199960223417,0.1027376374937446,88.0,97.0,0.002317641471402898,0.004224987637525296,0.005613365199785295
ppg,0.1030529593326836,0.1037819845076581,88.0,97.0,0.0007290251749745014,0.002632963310341907,0.0010443470139135103
ppg,0.1055022275283505,0.105740135158746,88.0,97.0,0.00023790763039549523,0.002449268195666904,0.0019581506510878977
ppg,0.1055634592332421,0.1065233954191812,88.0,97.0,0.000959936185939092,6.123170489159835e-05,0.0007832602604351951
ppg,0.1056859226430255,0.105740135158746,88.0,97.0,5.4212515720505894e-05,0.00012246340978339099,0.0007832602604351951
ppg,0.1059308494625922,0.105740135158746,88.0,97.0,0.0001907143038461928,0.0002449268195666987,0.0
ppg,0.1047062153647587,0.1046957881448325,88.0,97.0,1.0427219926195663e-05,0.0012246340978334935,0.0010443470139134964
ppg,0.1043388251354087,0.1043041580146149,88.0,97.0,3.466712079379375e-05,0.0003673902293500064,0.0003916301302176045
ppg,0.1043388251354087,0.1043041580146149,88.0,97.0,3.466712079379375e-05,0.0,0.0
ppg,0.1045837519549754,0.1041736146378757,88.0,97.0,0.00041013731709971246,0.0002449268195667126,0.00013054337673920613
ppg,0.1059308494625922,0.1054790484052677,88.0,97.0,0.00045180105732449405,0.0013470975076167874,0.0013054337673920058
ppg,0.1059308494625922,0.1054790484052677,88.0,97.0,0.00045180105732449405,0.0,0.0
ppg,0.1059308494625922,0.1054790484052677,88.0,97.0,0.00045180105732449405,0.0,0.0
ppg,0.1072167152653173,0.1071761123028772,88.0,97.0,4.060296244010053e-05,0.0012858658027251058,0.0016970638976094993
ppg,0.1092985932316342,0.1088731762004867,88.0,97.0,0.0004254170311474986,0.0020818779663168974,0.0016970638976094993
ppg,0.0212474015974101,0.0173622691063126,88.0,97.0,0.003885132491097499,0.08805119163422409,0.0915109070941741
ppg,0.0196553772702266,0.0139681413110935,88.0,97.0,0.0056872359591331,0.0015920243271835,0.003394127795219101
ppg,0.0186144382870682,0.0114878171530489,88.0,97.0,0.007126621134019299,0.0010409389831584001,0.002480324158044599
ppg,0.0154303896327012,0.0078326026043515,88.0,97.0,0.007597787028349699,0.003184048654367,0.0036552145486974004
ppg,0.0127974263223594,0.0035246711719581,88.0,97.0,0.0092727551504013,0.0026329633103417995,0.0043079314323934
ppg,0.0113890971098509,0.0030024976650014,88.0,97.0,0.008386599444849499,0.0014083292125085002,0.0005221735069567
ppg,0.0112054019951759,0.0014359771441311,88.0,97.0,0.0097694248510448,0.00018369511467499974,0.0015665205208703
ppg,0.0138995970104094,0.0044384748091325,88.0,97.0,0.0094611222012769,0.0026941950152335,0.0030024976650014
ppg,0.0181245846479348,0.0075715158508731,88.0,97.0,0.010553068797061698,0.004224987637525398,0.0031330410417406
ppg,0.0223495722854601,0.0126627075437016,88.0,97.0,0.009686864741758502,0.004224987637525303,0.0050911916928284996
ppg,0.0286564378893024,0.0187982462504437,88.0,97.0,0.009858191638858697,0.006306865603842297,0.006135538706742102
ppg,0.0361267058860863,0.0258475885943601,88.0,97.0,0.010279117291726196,0.007470267996783898,0.007049342343916399
ppg,0.0445154494562454,0.0343329080824076,88.0,97.0,0.010182541373837804,0.008388743570159105,0.008485319488047496
ppg,0.0510672418796542,0.0422960540634984,88.0,97.0,0.008771187816155802,0.006551792423408802,0.007963145981090804
ppg,0.0586599732862216,0.0497370265376324,88.0,97.0,0.008922946748589199,0.007592731406567396,0.007440972474134
ppg,0.0652729974145221,0.0557420218676352,88.0,97.0,0.009530975546886894,0.006613024128300497,0.006004995330002802
ppg,0.071457399608581,0.0608332135604637,88.0,97.0,0.010624186048117296,0.0061844021940588995,0.005091191692828498
ppg,0.0780704237368815,0.0678825559043801,88.0,97.0,0.010187867832501404,0.006613024128300504,0.0070493423439163955
ppg,0.0838874357015903,0.0731042909739479,88.0,97.0,0.0107831447276424,0.005817011964708796,0.005221735069567801
ppg,0.0888472037978157,0.077934395913298,88.0,97.0,0.010912807884517706,0.004959768096225406,0.0048301049393500994
ppg,0.0949703742869829,0.0839393912433008,88.0,97.0,0.011030983043682108,0.006123170489167204,0.006004995330002802
ppg,0.1002975326125584,0.0903360167035213,88.0,97.0,0.0099615159090371,0.005327158325575496,0.006396625460220504
ppg,0.1053797641185671,0.095557751773089,88.0,97.0,0.009822012345478096,0.0050822315060087,0.005221735069567704
ppg,0.1108293858539259,0.102346007363527,88.0,97.0,0.008483378490398902,0.005449621735358803,0.006788255590437997
ppg,0.1164627027039598,0.1062623086657028,88.0,97.0,0.010200394038256996,0.00563331685003389,0.003916301302175795
ppg,0.1208713854561601,0.1114840437352705,88.0,97.0,0.009387341720889592,0.004408682752200299,0.005221735069567704
ppg,0.1249739096839021,0.1157919751676639,88.0,97.0,0.009181934516238194,0.004102524227742002,0.0043079314323934
ppg,0.1294438241409942,0.1204915367302748,88.0,97.0,0.008952287410719406,0.004469914457092106,0.004699561562610893
ppg,0.0810095455716818,0.077281679029602,89.0,97.0,0.003727866542079808,0.0484342785693124,0.0432098577006728
ppg,0.0810095455716818,0.077281679029602,89.0,97.0,0.003727866542079808,0.0,0.0
ppg,0.0810095455716818,0.077281679029602,89.0,97.0,0.003727866542079808,0.0,0.0
ppg,0.0810095455716818,0.077281679029602,89.0,97.0,0.003727866542079808,0.0,0.0
ppg,0.0810095455716818,0.077281679029602,89.0,97.0,0.003727866542079808,0.0,0.0
ppg,0.0807033870472234,0.077934395913298,89.0,97.0,0.002768991133925397,0.0003061585244584081,0.0006527168836960029
ppg,0.0805196919325484,0.0764984187691669,89.0,97.0,0.0040212731633815085,0.00018369511467498933,0.0014359771441311009
ppg,0.0812544723912484,0.0764984187691669,89.0,97.0,0.0047560536220815075,0.000734780458699999,0.0
ppg,0.0822341796695152,0.0770205922761236,89.0,97.0,0.005213587393391603,0.0009797072782667948,0.0005221735069566996
ppg,0.0849896063896404,0.0792398296806899,89.0,97.0,0.005749776708950494,0.002755426720125201,0.00221923740456631
ppg,0.0885410452733574,0.0835477611130833,89.0,97.0,0.0049932841602741,0.0035514388837170063,0.0043079314323934
ppg,0.0923374109766411,0.0864197154013455,89.0,97.0,0.0059176955752955895,0.003796365703283691,0.0028719542882622018
ppg,0.095888849860358,0.0902054733267821,89.0,97.0,0.0056833765335759096,0.003551438883716909,0.003785757925436589
ppg,0.1015221667103918,0.0956882951498282,89.0,97.0,0.0058338715605636,0.005633316850033793,0.005482821823046102
ppg,0.1064819348066172,0.1016932904798311,89.0,97.0,0.004788644326786107,0.004959768096225406,0.006004995330002899
ppg,0.1136460442789428,0.1082204593167907,89.0,97.0,0.005425584962152105,0.007164109472325597,0.006527168836959599
ppg,0.1198304464730017,0.1152698016607071,89.0,97.0,0.004560644812294595,0.0061844021940588995,0.007049342343916409
ppg,0.1050123738892171,0.1118756738654881,88.0,97.0,0.006863299976271012,0.014818072583784606,0.0033941277952189985
ppg,0.107645337199559,0.1152698016607071,88.0,97.0,0.007624464461148103,0.002632963310341907,0.0033941277952189985
ppg,0.1097884468707675,0.1176195824420126,88.0,97.0,0.007831135571245096,0.0021431096712084957,0.0023497807813054883
ppg,0.1127275687055678,0.1210137102372316,88.0,97.0,0.008286141531663807,0.002939121834800301,0.0033941277952190124
ppg,0.1168913246382014,0.1241467512789722,88.0,97.0,0.007255426640770807,0.0041637559326336004,0.0031330410417406
ppg,0.1200753732925684,0.1287157694648439,88.0,97.0,0.008640396172275494,0.003184048654367,0.004569018185871687
ppg,0.1456702259372872,0.170750736774864,88.0,97.0,0.025080510837576786,0.025594852644718807,0.0420349673100201
ppg,0.1499564452797042,0.1729699741794303,88.0,97.0,0.023013528899726104,0.004286219342416991,0.00221923740456631
ppg,0.1528955671145045,0.1766251887281276,88.0,97.0,0.023729621613623103,0.002939121834800301,0.0036552145486972998
ppg,0.1403430676117118,0.1492110796128972,88.0,97.0,0.008868012001185394,0.012552499502792691,0.0274141091152304
ppg,0.1478133356084957,0.1569131388405096,88.0,97.0,0.009099803232013898,0.00747026799678388,0.0077020592276123845
ppg,0.1543038963270129,0.1638319378076868,88.0,97.0,0.009528041480673877,0.006490560718517224,0.006918798967177203
ppg,0.1565694694080048,0.1764946453513885,88.0,97.0,0.019925175943383694,0.0022655730809919006,0.012662707543701718
ppg,0.1567531645226798,0.1789749695094332,88.0,97.0,0.022221804986753413,0.00018369511467497546,0.0024803241580446944
ppg,0.1566307011128964,0.178191709248998,88.0,97.0,0.021561008136101595,0.00012246340978339099,0.000783260260435209
ppg,0.1576716400960549,0.1791055128861723,88.0,97.0,0.02143387279011741,0.0010409389831584903,0.0009138036371743041
ppg,0.15932489612813,0.180933120160521,88.0,97.0,0.021608224032390988,0.0016532560320751122,0.0018276072743486915
ppg,0.1618353960286886,0.1824996406813913,88.0,97.0,0.020664244652702696,0.0025104999005585993,0.001566520520870307
ppg,0.1651419080928388,0.1857632250998712,88.0,97.0,0.020621317007032403,0.0033065120641501966,0.0032635844184799034
ppg,0.1689382737961225,0.1902016999090037,88.0,97.0,0.021263426112881206,0.003796365703283705,0.004438474809132509
ppg,0.1728571029091895,0.1934652843274835,88.0,97.0,0.020608181418294014,0.003918829113066985,0.0032635844184797924
ppg,0.178551651464115,0.1999924531644432,88.0,97.0,0.021440801700328194,0.005694548554925516,0.006527168836959696
ppg,0.1841237366092571,0.203908754466619,88.0,97.0,0.019785017857361892,0.005572085145142097,0.003916301302175795
ppg,0.1905530656228826,0.2108275534337962,88.0,97.0,0.020274487810913594,0.006429329013625501,0.006918798967177203
ppg,0.1905530656228826,0.2108275534337962,88.0,97.0,0.020274487810913594,0.0,0.0
ppg,0.1967986995218332,0.2180074391544518,88.0,97.0,0.0212087396326186,0.006245633898950609,0.0071798857206556155
ppg,0.2032892602403504,0.224273521237933,88.0,97.0,0.020984260997582604,0.0064905607185171965,0.0062660820834812
ppg,0.2097798209588676,0.2321061238422846,88.0,97.0,0.022326302883417,0.0064905607185171965,0.00783260260435159
ppg,0.2164540767920598,0.2388943794327226,88.0,97.0,0.022440302640662796,0.0066742558331922,0.006788255590437997
ppg,0.2222710887567686,0.245943721776639,88.0,97.0,0.02367263301987041,0.005817011964708796,0.007049342343916409
ppg,0.2294351982290943,0.2519487171066419,88.0,97.0,0.0225135188775476,0.007164109472325708,0.006004995330002899
ppg,0.2355583687182614,0.260172949841211,88.0,97.0,0.024614581122949564,0.006123170489167107,0.00822423273456907
ppg,0.241436612387862,0.2653946849107787,88.0,97.0,0.023958072522916735,0.005878243669600575,0.005221735069567746
ppg,0.2478047096965958,0.27166076699426,88.0,97.0,0.023856057297664213,0.0063680973087338055,0.006266082083481284
ppg,0.2533155631368463,0.2783184792079588,88.0,97.0,0.025002916071112546,0.005510853440250485,0.006657712213698819
ppg,0.2591325751015551,0.2836707576542657,88.0,97.0,0.02453818255271062,0.005817011964708796,0.0053522784463068684
ppg,0.2647046602466972,0.2894146662307902,88.0,97.0,0.02471000598409301,0.005572085145142125,0.005743908576524515
ppg,0.2697256600478143,0.2943753145468795,88.0,97.0,0.0246496544990652,0.0050209998011170875,0.004960648316089278
ppg,0.2742568062097981,0.298813789356012,88.0,97.0,0.024556983146213907,0.004531146161983801,0.004438474809132509
ppg,0.2794002694206985,0.3037744376721014,88.0,97.0,0.024374168251402872,0.005143463210900423,0.004960648316089389
ppg,0.2400282831753535,0.2713996802407816,88.0,97.0,0.0313713970654281,0.03937198624534502,0.03237475743131979
ppg,0.2438246488786371,0.2754465249196965,88.0,97.0,0.0316218760410594,0.0037963657032836218,0.004046844678914918
ppg,0.246825002418329,0.2768825020638277,88.0,97.0,0.030057499645498698,0.0030003535396918857,0.0014359771441311842
ppg,0.2506825998265044,0.2802766298590467,88.0,97.0,0.029594030032542296,0.0038575974081754283,0.0033941277952190263
ppg,0.2536829533661963,0.2838013010310049,88.0,97.0,0.030118347664808642,0.003000353539691858,0.0035246711719582047
ppg,0.257295623954805,0.285889995058832,88.0,97.0,0.028594371104027017,0.003612670588608702,0.002088694027827076
ppg,0.2605409043140635,0.2890230361005726,88.0,97.0,0.0284821317865091,0.003245280359258529,0.003133041041740614
ppg,0.2644597334271306,0.2939836844166619,88.0,97.0,0.02952395098953131,0.003918829113067068,0.004960648316089278
ppg,0.2674600869668225,0.2959418350677498,88.0,97.0,0.028481748100927295,0.0030003535396919134,0.0019581506510878977
ppg,0.2709502941456477,0.298813789356012,88.0,97.0,0.027863495210364297,0.0034902071788252,0.0028719542882622018
ppg,0.2748691232587147,0.303513350918623,88.0,97.0,0.028644227659908317,0.003918829113067013,0.004699561562611032
ppg,0.27799194020819,0.3066463919603636,88.0,97.0,0.02865445175217357,0.0031228169494753044,0.0031330410417405585
ppg,0.2805636718136402,0.307560195597538,88.0,97.0,0.026996523783897775,0.0025717316054502115,0.0009138036371744152
ppg,0.2841763424022489,0.3118681270299314,88.0,97.0,0.02769178462768246,0.003612670588608702,0.004307931432393386
ppg,0.2865643788930241,0.3144789945647152,88.0,97.0,0.027914615671691068,0.0023880364907751805,0.0026108675347837895
ppg,0.2885237934495576,0.3152622548251503,88.0,97.0,0.026738461375592715,0.0019594145565334786,0.0007832602604351258
ppg,0.289564732432716,0.3157844283321071,88.0,97.0,0.026219695899391104,0.0010409389831584348,0.0005221735069568245
ppg,0.289564732432716,0.3157844283321071,88.0,97.0,0.026219695899391104,0.0,0.0
ppg,0.290115817776741,0.3168287753460206,88.0,97.0,0.026712957569279605,0.0005510853440249819,0.0010443470139134825
ppg,0.2907893665305494,0.3148706246949327,88.0,97.0,0.024081258164383335,0.0006735487538083729,0.0019581506510878977
ppg,0.2906669031207661,0.3155233415786287,88.0,97.0,0.024856438457862617,0.00012246340978327996,0.0006527168836960029
ppg,0.2906669031207661,0.3142179078112368,88.0,97.0,0.023551004690470723,0.0,0.0013054337673918948
ppg,0.2904219763011994,0.3148706246949327,88.0,97.0,0.024448648393733285,0.00024492681956667095,0.0006527168836958919
ppg,0.2895035007278243,0.3129124740438448,88.0,97.0,0.023408973316020487,0.0009184755733750993,0.0019581506510878977
ppg,0.285829598434324,0.3113459535229746,88.0,97.0,0.025516355088650633,0.003673902293500342,0.001566520520870196
ppg,0.2791553426011318,0.3059936750766677,88.0,97.0,0.02683833247553591,0.0066742558331922,0.005352278446306924
ppg,0.2689296478842226,0.2976388989653593,88.0,97.0,0.0287092510811367,0.010225694716909206,0.008354776111308415
ppg,0.2571119288401299,0.2882397758401375,88.0,97.0,0.03112784700000759,0.011817719044092678,0.009399123125221787
ppg,0.2148008207599847,0.2228375440938019,88.0,97.0,0.00803672333381722,0.04231110808014521,0.06540223174633558
ppg,0.2178624060045683,0.2268843887727169,88.0,97.0,0.009021982768148612,0.003061585244583609,0.0040468446789150014
ppg,0.2206790644295852,0.2284509092935872,88.0,97.0,0.007771844864001981,0.00281665842501691,0.0015665205208702793
ppg,0.2239855764937355,0.2331504708561981,88.0,97.0,0.009164894362462622,0.00330651206415028,0.004699561562610921
ppg,0.2262511495747273,0.2347169913770684,88.0,97.0,0.008465841802341084,0.0022655730809918173,0.0015665205208702793
ppg,0.2283330275410442,0.2373278589118523,88.0,97.0,0.008994831370808087,0.0020818779663168974,0.0026108675347839005
ppg,0.229680125048661,0.2383722059257658,88.0,97.0,0.008692080877104796,0.0013470975076168012,0.0010443470139135103
ppg,0.2288841128850692,0.2378500324188091,88.0,97.0,0.008965919533739874,0.0007960121635917916,0.0005221735069567135
ppg,0.2261899178698356,0.2365445986514172,88.0,97.0,0.010354680781581582,0.0026941950152336025,0.0013054337673918948
ppg,0.2201892107904518,0.2324977539725022,88.0,97.0,0.01230854318205038,0.006000707079383799,0.0040468446789150014
ppg,0.210453369712676,0.224926238121629,88.0,97.0,0.01447286840895301,0.009735841077775809,0.007571515850873178
ppg,0.198329492144125,0.2138300510987976,88.0,97.0,0.015500558954672589,0.01212387756855099,0.01109618702283141
ppg,0.1850422121826322,0.2040392978433582,88.0,97.0,0.018997085660726,0.013287279961492815,0.009790753255439405
ppg,0.1693668957303642,0.1898100697787861,88.0,97.0,0.020443174048421886,0.015675316452267996,0.014229228064572108
ppg,0.155038676785713,0.1764946453513885,88.0,97.0,0.0214559685656755,0.014328218944651194,0.013315424427397582
ppg,0.1413840065948702,0.1642235679379044,88.0,97.0,0.02283956134303422,0.013654670190842821,0.0122710774134841
ppg,0.1285865802725108,0.153127380915073,88.0,97.0,0.0245408006425622,0.01279742632235939,0.01109618702283141
ppg,0.1175648733920098,0.1425533673991984,88.0,97.0,0.02498849400718861,0.011021706880500998,0.010574013515874586
ppg,0.1085638127729341,0.1330237008972373,88.0,97.0,0.024459888124303206,0.009001060619075699,0.009529666501961104
ppg,0.1015833984152835,0.1263659886835385,88.0,97.0,0.024782590268254995,0.006980414357650608,0.006657712213698819
ppg,0.0950928376967663,0.1197082764698397,88.0,97.0,0.0246154387730734,0.0064905607185171965,0.006657712213698791
ppg,0.0901943013054325,0.113833824516576,88.0,97.0,0.0236395232111435,0.004898536391333794,0.005874451953263693
ppg,0.0857243868483405,0.1083510026935299,88.0,97.0,0.022626615845189407,0.0044699144570920085,0.005482821823046102
ppg,0.0819892528499485,0.1048263315215717,88.0,97.0,0.0228370786716232,0.0037351339983919957,0.0035246711719582047
ppg,0.0796012163591733,0.102346007363527,88.0,97.0,0.0227447910043537,0.0023880364907751944,0.0024803241580446944
ppg,0.0796012163591733,0.102346007363527,88.0,97.0,0.0227447910043537,0.0,0.0
ppg,0.0806421553423317,0.1016932904798311,88.0,97.0,0.0210511351374994,0.0010409389831583932,0.0006527168836959057
ppg,0.084499752750507,0.1045652447680933,88.0,97.0,0.020065492017586298,0.0038575974081753034,0.0028719542882622018
ppg,0.0890308989124908,0.1084815460702691,88.0,97.0,0.019450647157778292,0.004531146161983801,0.003916301302175795
ppg,0.0950316059918746,0.1135727377630976,88.0,97.0,0.018541131771223004,0.006000707079383799,0.005091191692828512
ppg,0.1013384715957168,0.1190555595861437,88.0,97.0,0.0177170879904269,0.006306865603842193,0.0054828218230460884
ppg,0.1069105567408589,0.1251910982928858,88.0,97.0,0.018280541552026894,0.005572085145142111,0.006135538706742105
ppg,0.111747861427301,0.1289768562183224,88.0,97.0,0.017228994791021385,0.004837304686442098,0.003785757925436589
ppg,0.1467723966253373,0.1862853986068279,88.0,97.0,0.0395130019814906,0.035024535198036305,0.05730854238850552
ppg,0.1410166163655201,0.1798887731466075,88.0,97.0,0.03887215678108741,0.005755780259817211,0.0063966254602204065
ppg,0.1361180799741864,0.1746670380770398,88.0,97.0,0.03854895810285339,0.0048985363913336966,0.005221735069567718
ppg,0.1320155557464444,0.1691842162539937,88.0,97.0,0.0371686605075493,0.004102524227741988,0.005482821823046075
ppg,0.1292601290263192,0.1650068281983395,88.0,97.0,0.03574669917202031,0.0027554267201252147,0.0041773880556542076
ppg,0.1284028851578358,0.1651373715750787,88.0,97.0,0.03673448641724292,0.0008572438684834038,0.00013054337673920613
ppg,0.1303010680094776,0.1660511752122531,88.0,97.0,0.035750107202775494,0.0018981828516418109,0.0009138036371743874
ppg,0.1339749703029779,0.1678787824866018,88.0,97.0,0.0339038121836239,0.0036739022935002863,0.0018276072743486915
ppg,0.1372202506622365,0.1711423669050816,88.0,97.0,0.03392211624284511,0.003245280359258612,0.00326358441847982
ppg,0.1419963236437869,0.1740143211933438,88.0,97.0,0.03201799754955692,0.004776072981550389,0.0028719542882622018
ppg,0.1452416040030455,0.1762335585979101,88.0,97.0,0.03099195459486459,0.003245280359258612,0.002219237404566282
ppg,0.1484256526574124,0.1798887731466075,88.0,97.0,0.03146312048919511,0.003184048654366889,0.003655214548697411
ppg,0.1502013720992709,0.181585837044217,88.0,97.0,0.031384464944946094,0.0017757194418585032,0.0016970638976094854
ppg,0.1509973842628627,0.1802804032768251,88.0,97.0,0.029283019013962408,0.0007960121635917916,0.0013054337673918948
ppg,0.151487237901996,0.1810636635372602,88.0,97.0,0.029576425635264192,0.0004898536391333141,0.000783260260435098
ppg,0.1512423110824293,0.1826301840581305,88.0,97.0,0.0313878729757012,0.0002449268195666987,0.001566520520870307
ppg,0.1521607866558044,0.1826301840581305,88.0,97.0,0.0304693974023261,0.0009184755733750993,0.0
ppg,0.1532017256389628,0.1836745310720441,88.0,97.0,0.030472805433081285,0.001040938983158407,0.0010443470139135935
ppg,0.1546100548514713,0.1855021383463928,88.0,97.0,0.03089208349492148,0.0014083292125084967,0.0018276072743486915
ppg,0.1577328718009465,0.1881130058811766,88.0,97.0,0.030380134080230103,0.0031228169494751934,0.0026108675347838173
ppg,0.1618966277335802,0.191768220429874,88.0,97.0,0.029871592696293775,0.0041637559326337115,0.003655214548697383
ppg,0.1618966277335802,0.191768220429874,88.0,97.0,0.029871592696293775,0.0,0.0
ppg,0.1655092983221889,0.1977732157598769,88.0,97.0,0.032263917437688,0.003612670588608702,0.006004995330002927
ppg,0.170897688352656,0.2018200604387919,88.0,97.0,0.03092237208613588,0.005388390030467094,0.004046844678914974
ppg,0.170897688352656,0.2018200604387919,88.0,97.0,0.03092237208613588,0.0,0.0
ppg,0.170897688352656,0.2018200604387919,88.0,97.0,0.03092237208613588,0.0,0.0
ppg,0.1776331758907399,0.2071723388850988,88.0,97.0,0.02953916299435891,0.006735487538083895,0.005352278446306924
ppg,0.1821030903478319,0.2123940739546665,88.0,97.0,0.030290983606834604,0.004469914457091995,0.00522173506956769
ppg,0.193859577687033,0.2304090599446751,89.0,97.0,0.036549482257642096,0.011756487339201094,0.018014985990008586
ppg,0.1956965288337831,0.2335421009864157,89.0,97.0,0.037845572152632595,0.0018369511467501154,0.003133041041740614
ppg,0.1982682604392333,0.236414055274678,89.0,97.0,0.038145794835444696,0.0025717316054501838,0.002871954288262285
ppg,0.2001052115859835,0.2377194890420699,89.0,97.0,0.03761427745608642,0.0018369511467501987,0.0013054337673919225
ppg,0.2026769431914337,0.2415052469675065,89.0,97.0,0.0388283037760728,0.0025717316054502115,0.003785757925436589
ppg,0.2057385284360173,0.2441161145022903,89.0,97.0,0.03837758606627298,0.003061585244583609,0.0026108675347837895
ppg,0.2094736624344093,0.2473796989207702,89.0,97.0,0.0379060364863609,0.003735133998391982,0.0032635844184799034
ppg,0.2132700281376929,0.2524708906135987,89.0,97.0,0.03920086247590576,0.0037963657032836218,0.005091191692828484
ppg,0.2169439304311932,0.2559955617855569,89.0,97.0,0.03905163135436368,0.0036739022935002863,0.0035246711719582047
ppg,0.2210464546589352,0.2586064293203407,89.0,97.0,0.03755997466140554,0.004102524227741988,0.002610867534783845
ppg,0.2250877471817856,0.2618700137388206,89.0,97.0,0.03678226655703498,0.004041292522850404,0.003263584418479848
ppg,0.2293739665242026,0.2660474017944747,89.0,97.0,0.036673435270272114,0.004286219342417019,0.004177388055654152
ppg,0.234701124849778,0.2727051140081735,89.0,97.0,0.03800398915839548,0.0053271583255753985,0.006657712213698763
ppg,0.2403956734047035,0.2771435888173061,89.0,97.0,0.03674791541260261,0.005694548554925488,0.00443847480913262
ppg,0.2457840634351706,0.2822347805101346,89.0,97.0,0.03645071707496403,0.005388390030467094,0.005091191692828512
ppg,0.2506213681216127,0.2879786890866591,89.0,97.0,0.0373573209650464,0.004837304686442084,0.005743908576524459
ppg,0.2563159166765382,0.2928087940260092,89.0,97.0,0.03649287734947099,0.005694548554925516,0.0048301049393500994
ppg,0.261398148182547,0.297377812211881,89.0,97.0,0.035979664029334,0.005082231506008783,0.004569018185871798
ppg,0.2674600869668225,0.303513350918623,89.0,97.0,0.03605326395180053,0.006061938784275522,0.00613553870674205
ppg,0.2722973916532646,0.3086045426114515,89.0,97.0,0.03630715095818687,0.004837304686442112,0.005091191692828456
ppg,0.2770734646348149,0.3129124740438448,89.0,97.0,0.0358390094090299,0.004776072981550306,0.00430793143239333
ppg,0.281910769321257,0.3183952958668909,89.0,97.0,0.03648452654563389,0.004837304686442112,0.005482821823046102
ppg,0.2857683667294324,0.32178942366211,89.0,97.0,0.0360210569326776,0.0038575974081753728,0.003394127795219082
ppg,0.2901770494816327,0.3268806153549385,89.0,97.0,0.03670356587330581,0.004408682752200299,0.005091191692828512
ppg,0.293483561545783,0.3289693093827656,89.0,97.0,0.035485747836982606,0.00330651206415028,0.002088694027827076
ppg,0.2969737687246083,0.3327550673082022,89.0,97.0,0.03578129858359391,0.003490207178825311,0.003785757925436617
ppg,0.2969737687246083,0.3327550673082022,89.0,97.0,0.03578129858359391,0.0,0.0
ppg,0.2997291954447335,0.3354964782197252,89.0,97.0,0.03576728277499175,0.002755426720125187,0.0027414109115230234
ppg,0.2048200528626422,0.2366751420281563,89.0,97.0,0.03185508916551408,0.09490914258209127,0.09882133619156894
ppg,0.2087388819757092,0.2411136168372888,89.0,97.0,0.0323747348615796,0.003918829113066985,0.004438474809132509
ppg,0.2132700281376929,0.2451604615162038,89.0,97.0,0.031890433378510885,0.004531146161983718,0.0040468446789150014
ppg,0.2172500889556516,0.2481629591812053,89.0,97.0,0.030912870225553696,0.0039800608179586805,0.003002497665001491
ppg,0.3188947190758268,0.3541641810934298,89.0,97.0,0.035269462017603004,0.10164463012017519,0.1060012219122245
ppg,0.2239243447888438,0.2548206713949041,89.0,97.0,0.030896326606060315,0.09497037428698299,0.09934350969852568
ppg,0.2274757836725608,0.256778822045992,89.0,97.0,0.029303038373431206,0.0035514388837170063,0.0019581506510878977
ppg,0.2299862835731193,0.2600424064644718,89.0,97.0,0.03005612289135251,0.0025104999005584883,0.0032635844184797924
ppg,0.2329866371128112,0.2621311004922989,89.0,97.0,0.029144463379487673,0.0030003535396919134,0.002088694027827076
ppg,0.2358032955378281,0.2644808812736044,89.0,97.0,0.028677585735776306,0.00281665842501691,0.002349780781305544
ppg,0.2378851735041449,0.2670917488083882,89.0,97.0,0.02920657530424331,0.0020818779663167863,0.0026108675347837895
ppg,0.2402732099949202,0.2685277259525194,89.0,97.0,0.028254515957599202,0.0023880364907752916,0.0014359771441311842
ppg,0.2430286367150454,0.2697026163431721,89.0,97.0,0.026673979628126704,0.0027554267201252147,0.0011748903906527164
ppg,0.2457840634351706,0.2727051140081735,89.0,97.0,0.026921050573002897,0.002755426720125187,0.00300249766500138
ppg,0.2484170267455125,0.2742716345290438,89.0,97.0,0.025854607783531297,0.002632963310341907,0.001566520520870307
ppg,0.2505601364167211,0.2768825020638277,89.0,97.0,0.026322365647106605,0.002143109671208593,0.0026108675347839005
ppg,0.2531930997270629,0.2787101093381764,89.0,97.0,0.025517009611113528,0.002632963310341796,0.0018276072743487193
ppg,0.2562546849716465,0.2802766298590467,89.0,97.0,0.024021944887400226,0.003061585244583609,0.001566520520870307
ppg,0.2588264165770967,0.2826264106403522,89.0,97.0,0.023799994063255503,0.0025717316054502115,0.0023497807813054883
ppg,0.2611532213629803,0.2857594516820928,89.0,97.0,0.02460623031911252,0.002326804785883596,0.003133041041740614
ppg,0.2629289408048388,0.285889995058832,89.0,97.0,0.022961054253993196,0.0017757194418585032,0.00013054337673917837
ppg,0.2643372700173472,0.2870648854494847,89.0,97.0,0.022727615432137527,0.0014083292125083857,0.0011748903906527164
ppg,0.2667253065081224,0.2891535794773118,89.0,97.0,0.022428272969189422,0.0023880364907751805,0.002088694027827076
ppg,0.2673376235570391,0.2898062963610078,89.0,97.0,0.022468672803968692,0.0006123170489167329,0.0006527168836960029
ppg,0.2681336357206308,0.2901979264912254,89.0,97.0,0.022064290770594575,0.0007960121635917083,0.00039163013021759063
ppg,0.2692970381135726,0.2909811867516605,89.0,97.0,0.02168414863808793,0.0011634023929417703,0.0007832602604351258
ppg,0.269419501523356,0.2912422735051388,89.0,97.0,0.02182277198178284,0.00012246340978339099,0.00026108675347830124
ppg,0.2708278307358644,0.2917644470120956,89.0,97.0,0.020936616276231168,0.0014083292125084412,0.000522173506956769
ppg,0.2681336357206308,0.2904590132447037,89.0,97.0,0.022325377524072876,0.0026941950152336025,0.0013054337673918948
ppg,0.2648883553613723,0.2877176023331807,89.0,97.0,0.022829246971808437,0.003245280359258529,0.002741410911522968
ppg,0.2579079410037216,0.282495867263613,89.0,97.0,0.02458792625989137,0.006980414357650677,0.005221735069567746
ppg,0.2486007218601875,0.2734883742686086,89.0,97.0,0.024887652408421113,0.009307219143534107,0.009007492995004363
ppg,0.2369054662258782,0.2631754475062124,89.0,97.0,0.026269981280334226,0.011695255634309315,0.010312926762396202
ppg,0.2369054662258782,0.2631754475062124,89.0,97.0,0.026269981280334226,0.0,0.0
ppg,0.3008313661327836,0.3247919213271114,88.0,97.0,0.02396055519432777,0.06392589990690542,0.061616473820898965
ppg,0.3033418660333422,0.3258362683410249,88.0,97.0,0.022494402307682737,0.0025104999005585715,0.001044347013913538
ppg,0.3053012805898757,0.3280555057455912,88.0,97.0,0.022754225155715513,0.001959414556533534,0.00221923740456631
ppg,0.3073831585561925,0.3302747431501576,88.0,97.0,0.022891584593965064,0.002081877966316814,0.0022192374045663654
ppg,0.3090364145882676,0.3327550673082022,88.0,97.0,0.02371865271993462,0.0016532560320750567,0.002480324158044611
ppg,0.3111182925545845,0.3348437613360292,88.0,97.0,0.023725468781444714,0.002081877966316925,0.0020886940278270205
ppg,0.3115469144888262,0.3349743047127684,88.0,97.0,0.02342739022394219,0.0004286219342417019,0.00013054337673917837
ppg,0.3099548901616427,0.3348437613360292,88.0,97.0,0.02488887117438654,0.0015920243271835277,0.00013054337673917837
ppg,0.3064646829828174,0.3318412636710278,88.0,97.0,0.02537658068821036,0.0034902071788252553,0.0030024976650014357
ppg,0.2998516588545168,0.328577679252548,88.0,97.0,0.028726020398031182,0.006613024128300615,0.0032635844184797924
ppg,0.2911567567598995,0.3203534465179788,88.0,97.0,0.02919668975807932,0.008694902094617318,0.008224232734569181
ppg,0.2795839645353735,0.3118681270299314,88.0,97.0,0.0322841624945579,0.011572792224526007,0.008485319488047427
ppg,0.2681336357206308,0.3016857436442743,88.0,97.0,0.03355210792364349,0.011450328814742672,0.010182383385657079
ppg,0.254478965529788,0.2904590132447037,88.0,97.0,0.0359800477149157,0.013654670190842821,0.011226730399570617
ppg,0.2413753806829703,0.2783184792079588,88.0,97.0,0.03694309852498853,0.0131035848468177,0.012140534036744866
ppg,0.2295576616388776,0.2683971825757801,88.0,97.0,0.03883952093690249,0.011817719044092678,0.009921296632178722
ppg,0.21829102793881,0.260172949841211,88.0,97.0,0.041881921902400976,0.011266633700067613,0.008224232734569126
ppg,0.2091062722050592,0.2507738267159892,88.0,97.0,0.04166755451092999,0.009184755733750799,0.009399123125221787
ppg,0.1999827481762001,0.2422885072279416,88.0,97.0,0.0423057590517415,0.009123524028859104,0.008485319488047594
ppg,0.1929411021136578,0.2355002516375036,88.0,97.0,0.04255914952384579,0.007041646062542289,0.006788255590437997
ppg,0.1875527120831907,0.2287119960470656,88.0,97.0,0.041159283963874915,0.005388390030467122,0.006788255590437997
ppg,0.1830827976260987,0.225578955005325,88.0,97.0,0.042496157379226296,0.004469914457091995,0.003133041041740614
ppg,0.1787965782836817,0.2207488500659748,88.0,97.0,0.041952271782293105,0.004286219342416991,0.004830104939350183
ppg,0.1766534686124731,0.2186601560381477,88.0,97.0,0.042006687425674594,0.002143109671208593,0.0020886940278271038
ppg,0.1754900662195314,0.217485265647495,88.0,97.0,0.04199519942796362,0.0011634023929417148,0.0011748903906526886
ppg,0.1740817370070229,0.2156576583731463,88.0,97.0,0.0415759213661234,0.0014083292125084967,0.0018276072743487193
ppg,0.1763473100880148,0.2153965716196679,88.0,97.0,0.03904926153165311,0.0022655730809919006,0.0002610867534783845
ppg,0.2188421132828351,0.254037411134469,88.0,97.0,0.03519529785163389,0.042494803194820296,0.03864083951480107
ppg,0.2053099065017756,0.2437244843720727,88.0,97.0,0.03841457787029709,0.013532206781059486,0.010312926762396285
ppg,0.1933697240478995,0.2313228635818494,88.0,97.0,0.03795313953394988,0.011940182453876097,0.012401620790223306
ppg,0.1813070781842402,0.2214015669496708,88.0,97.0,0.04009448876543062,0.012062645863659321,0.009921296632178583
ppg,0.1711426151722227,0.2105664666803178,88.0,97.0,0.039423851508095104,0.010164463012017483,0.010835100269352999
ppg,0.1647132861585971,0.2043003845968365,88.0,97.0,0.039587098438239404,0.006429329013625612,0.006266082083481311
ppg,0.1577941035058382,0.1985564760203121,88.0,97.0,0.0407623725144739,0.006919182652758898,0.0057439085765244036
ppg,0.1528343354096128,0.1918987638066132,88.0,97.0,0.03906442839700039,0.004959768096225392,0.006657712213698902
ppg,0.1492216648210042,0.1888962661416118,88.0,97.0,0.0396746013206076,0.003612670588608591,0.00300249766500138
ppg,0.1459763844617455,0.184979964839436,88.0,97.0,0.0390035803776905,0.003245280359258723,0.003916301302175823
ppg,0.1427923358073786,0.1806720334070427,88.0,97.0,0.037879697599664086,0.003184048654366889,0.004307931432393303
ppg,0.1414452382997619,0.1804109466535643,88.0,97.0,0.03896570835380239,0.0013470975076166902,0.0002610867534783845
ppg,0.1417513968242202,0.1771473622350844,88.0,97.0,0.035395965410864205,0.0003061585244582832,0.0032635844184799034
ppg,0.1437720430856454,0.1794971430163899,88.0,97.0,0.03572509993074449,0.002020646261425202,0.0023497807813054883
ppg,0.1490379697063291,0.1831523575650873,88.0,97.0,0.0341143878587582,0.005265926620683703,0.003655214548697411
ppg,0.1549162133759296,0.1869381154905239,88.0,97.0,0.0320219021145943,0.005878243669600491,0.003785757925436589
ppg,0.1617129326189052,0.1939874578344403,88.0,97.0,0.03227452521553509,0.0067967192429756185,0.007049342343916409
ppg,0.1675911762885057,0.1988175627737904,88.0,97.0,0.031226386485284696,0.005878243669600491,0.0048301049393500994
ppg,0.1727346394994061,0.2046920147270541,88.0,97.0,0.031957375227647994,0.005143463210900395,0.005874451953263693
ppg,0.1762860783831231,0.2063890786246636,88.0,97.0,0.0301030002415405,0.0035514388837170063,0.0016970638976095132
ppg,0.179286431922815,0.2104359233035786,88.0,97.0,0.031149491380763616,0.0030003535396918857,0.0040468446789150014
ppg,0.1808172245451068,0.2118719004477097,88.0,97.0,0.031054675902602913,0.0015307926222918045,0.0014359771441311009
ppg,0.1818581635282652,0.2126551607081448,88.0,97.0,0.030796997179879604,0.001040938983158407,0.000783260260435098
ppg,0.183205261035882,0.2131773342151016,88.0,97.0,0.0299720731792196,0.0013470975076168012,0.0005221735069567968
ppg,0.1846748219532822,0.214743854735972,88.0,97.0,0.030069032782689797,0.0014695609174001922,0.0015665205208703903
ppg,0.1854708341168739,0.2152660282429287,88.0,97.0,0.029795194126054803,0.0007960121635917083,0.0005221735069567135
ppg,0.1876751754929741,0.2167020053870599,88.0,97.0,0.02902682989408578,0.002204341376100205,0.0014359771441311842
ppg,0.1883487242467825,0.2173547222707558,88.0,97.0,0.0290059980239733,0.0006735487538084006,0.0006527168836959196
ppg,0.191042919262016,0.220879393442714,88.0,97.0,0.029836474180698014,0.0026941950152334915,0.0035246711719582047
ppg,0.1939820410968163,0.2230986308472803,88.0,97.0,0.029116589750463995,0.002939121834800301,0.002219237404566282
ppg,0.1975947116854249,0.2259705851355425,88.0,97.0,0.028375873450117606,0.003612670588608591,0.0028719542882622018
ppg,0.2009624554544669,0.2301479731911967,88.0,97.0,0.02918551773672981,0.003367743769042003,0.0041773880556542076
ppg,0.2062896137800423,0.2343253612468508,88.0,97.0,0.02803574746680851,0.0053271583255753985,0.0041773880556540965
ppg,0.2106982965322427,0.2387638360559834,88.0,97.0,0.02806553952374069,0.00440868275220041,0.004438474809132592
ppg,0.170530298123306,0.199209192904008,88.0,97.0,0.028678894780701986,0.0401679984089367,0.039554643151975405
ppg,0.171081383467331,0.1996008230342256,88.0,97.0,0.028519439566894594,0.0005510853440250096,0.0003916301302176184
ppg,0.1716324688113561,0.1996008230342256,88.0,97.0,0.0279683542228695,0.0005510853440250929,0.0
ppg,0.1720610907455978,0.199861909787704,88.0,97.0,0.027800819042106184,0.0004286219342417019,0.0002610867534783845
ppg,0.1729795663189728,0.2005146266714,88.0,97.0,0.0275350603524272,0.0009184755733749883,0.0006527168836960029
ppg,0.1735306516629979,0.2012978869318351,88.0,97.0,0.027767235268837204,0.0005510853440250929,0.000783260260435098
ppg,0.1749389808755063,0.2019506038155311,88.0,97.0,0.027011622940024793,0.0014083292125084135,0.0006527168836960029
ppg,0.1759799198586648,0.2035171243364014,88.0,97.0,0.02753720447773661,0.0010409389831584903,0.001566520520870307
ppg,0.1780617978249816,0.2045614713503149,88.0,97.0,0.026499673525333306,0.002081877966316814,0.0010443470139135103
ppg,0.1813070781842402,0.2061279918711852,88.0,97.0,0.024820913686945,0.0032452803592585844,0.0015665205208702793
ppg,0.1833889561505571,0.2088694027827083,88.0,97.0,0.02548044663215121,0.0020818779663168974,0.0027414109115231067
ppg,0.186756699919599,0.2125246173314057,88.0,97.0,0.0257679174118067,0.00336774376904192,0.003655214548697411
ppg,0.1906142973277743,0.2172241788940166,88.0,97.0,0.026609881566242305,0.0038575974081752895,0.004699561562610893
ppg,0.1946555898506247,0.2199655898055397,88.0,97.0,0.025309999954915008,0.004041292522850404,0.0027414109115231067
ppg,0.1999827481762001,0.2234902609774978,88.0,97.0,0.023507512801297703,0.0053271583255753985,0.0035246711719580937
ppg,0.2042689675186171,0.2291036261772831,88.0,97.0,0.02483465865866602,0.004286219342416991,0.0056133651997853085
ppg,0.2087388819757092,0.2344559046235901,88.0,97.0,0.025717022647880894,0.004469914457092106,0.0053522784463069795
ppg,0.2125964793838845,0.2366751420281563,88.0,97.0,0.024078662644271775,0.0038575974081753173,0.002219237404566199
ppg,0.2173725523654349,0.2422885072279416,88.0,97.0,0.024915954862506695,0.004776072981550389,0.0056133651997853085
ppg,0.2213526131833936,0.2452910048929431,87.0,97.0,0.023938391709549478,0.003980060817958708,0.003002497665001491
ppg,0.2264348446894023,0.249337849571858,87.0,97.0,0.022903004882455696,0.0050822315060087,0.004046844678914918
ppg,0.230414905507361,0.254037411134469,87.0,97.0,0.023622505627107993,0.0039800608179586805,0.004699561562610977
ppg,0.2345786614399947,0.2580842558133839,87.0,97.0,0.0235055943733892,0.0041637559326337115,0.004046844678914918
ppg,0.2384974905530617,0.2612172968551246,87.0,97.0,0.02271980630206294,0.003918829113066985,0.003133041041740725
ppg,0.2419264660269953,0.2644808812736044,87.0,97.0,0.022554415246609116,0.0034289754739336153,0.0032635844184797924
ppg,0.2460289902547373,0.268919356082737,87.0,97.0,0.022890365827999692,0.004102524227741988,0.004438474809132564
ppg,0.2481720999259458,0.2707469633570856,87.0,97.0,0.02257486343113979,0.0021431096712085096,0.0018276072743486083
ppg,0.2511112217607461,0.2746632646592614,87.0,97.0,0.023552042898515313,0.0029391218348002734,0.003916301302175795
ppg,0.2070243942387424,0.2263622152657601,87.0,97.0,0.019337821027017726,0.044086827522003685,0.04830104939350127
ppg,0.2107595282371344,0.2292341695540223,87.0,97.0,0.01847464131688789,0.0037351339983920095,0.002871954288262174
ppg,0.2107595282371344,0.2292341695540223,87.0,97.0,0.01847464131688789,0.0,0.0
ppg,0.2146171256453097,0.2334115576096765,87.0,97.0,0.01879443196436681,0.0038575974081752895,0.0041773880556542076
ppg,0.2146171256453097,0.2334115576096765,87.0,97.0,0.01879443196436681,0.0,0.0
ppg,0.2146171256453097,0.2334115576096765,87.0,97.0,0.01879443196436681,0.0,0.0
ppg,0.2178011742996766,0.2365445986514172,87.0,97.0,0.01874342435174059,0.0031840486543669166,0.0031330410417406973
ppg,0.2221486253469853,0.2408525300838105,87.0,97.0,0.018703904736825205,0.004347451047308687,0.004307931432393303
ppg,0.2254551374111356,0.2432023108651159,87.0,97.0,0.017747173453980303,0.0033065120641503076,0.002349780781305405
ppg,0.2287004177703942,0.2468575254138133,87.0,97.0,0.0181571076434191,0.003245280359258612,0.003655214548697411
ppg,0.2316395396051944,0.2492073061951188,87.0,97.0,0.0175677665899244,0.00293912183480019,0.0023497807813054883
ppg,0.2340275760959696,0.2512960002229459,87.0,97.0,0.017268424126976295,0.0023880364907752083,0.0020886940278271038
ppg,0.2366605394063115,0.2535152376275122,87.0,97.0,0.016854698221200726,0.0026329633103418792,0.00221923740456631
ppg,0.2395996612411118,0.2558650184088177,87.0,97.0,0.016265357167705913,0.002939121834800301,0.0023497807813054883
ppg,0.2422326245514537,0.2586064293203407,87.0,97.0,0.01637380476888703,0.002632963310341907,0.0027414109115230234
ppg,0.2446206610422289,0.2606951233481678,87.0,97.0,0.016074462305938897,0.0023880364907752083,0.002088694027827076
ppg,0.2471311609427874,0.2627838173759949,87.0,97.0,0.015652656433207485,0.0025104999005584883,0.002088694027827076
ppg,0.2495804291384543,0.26356707763643,87.0,97.0,0.013986648497975707,0.002449268195666904,0.0007832602604351258
ppg,0.2526420143830379,0.2677444656920842,87.0,97.0,0.015102451309046305,0.003061585244583609,0.0041773880556542076
ppg,0.2555199045129465,0.2698331597199113,87.0,97.0,0.014313255206964803,0.002877890129908578,0.002088694027827076
ppg,0.2583365629379633,0.2732272875151303,87.0,97.0,0.014890724577167003,0.002816658425016827,0.0033941277952190263
ppg,0.2620104652314637,0.2754465249196965,87.0,97.0,0.013436059688232804,0.0036739022935003973,0.002219237404566199
ppg,0.2645209651320222,0.2779268490777412,87.0,97.0,0.013405883945718955,0.002510499900558516,0.0024803241580446667
ppg,0.266235452868989,0.2809293467427427,87.0,97.0,0.01469389387375375,0.0017144877369667522,0.0030024976650015467
ppg,0.2679499406059558,0.2815820636264387,87.0,97.0,0.01363212302048289,0.0017144877369668077,0.0006527168836959474
ppg,0.2714401477847812,0.2835402142775265,87.0,97.0,0.01210006649274531,0.003490207178825422,0.001958150651087842
ppg,0.2721749282434812,0.2849761914216576,87.0,97.0,0.01280126317817637,0.0007347804587000129,0.0014359771441310731
ppg,0.2170663938409766,0.2223153705868451,87.0,97.0,0.005248976745868522,0.05510853440250463,0.06266082083481248
ppg,0.2203729059051268,0.2262316718890209,87.0,97.0,0.005858765983894121,0.0033065120641501966,0.003916301302175795
ppg,0.2241692716084105,0.2298868864377183,87.0,97.0,0.005717614829307799,0.003796365703283705,0.003655214548697383
ppg,0.2275982470823441,0.2338031877398941,87.0,97.0,0.006204940657550007,0.0034289754739336153,0.003916301302175823
ppg,0.2316395396051944,0.2378500324188091,87.0,97.0,0.0062104928136146875,0.004041292522850293,0.004046844678914974
ppg,0.2724810867679396,0.2862816251890496,87.0,97.0,0.013800538421110009,0.040841547162745184,0.048431592770240506
ppg,0.2402732099949202,0.2462048085301174,87.0,97.0,0.005931598535197202,0.032207876773019395,0.0400768166589322
ppg,0.2444369659275539,0.2514265435996851,87.0,97.0,0.006989577672131181,0.0041637559326337115,0.00522173506956769
ppg,0.2490293437944293,0.256126105162296,87.0,97.0,0.007096761367866716,0.004592377866875386,0.004699561562610921
ppg,0.2533155631368463,0.2597813197109934,87.0,97.0,0.006465756574147108,0.004286219342416991,0.003655214548697383
ppg,0.2533155631368463,0.2597813197109934,87.0,97.0,0.006465756574147108,0.0,0.0
ppg,0.2571119288401299,0.264219794520126,87.0,97.0,0.007107865679996106,0.0037963657032836218,0.00443847480913262
ppg,0.2608470628385219,0.2681360958223018,87.0,97.0,0.0072890329837799195,0.003735133998391982,0.003916301302175795
ppg,0.2637861846733222,0.2702247898501289,87.0,97.0,0.0064386051768066666,0.002939121834800329,0.002088694027827076
ppg,0.2669090016227974,0.2759686984266533,87.0,97.0,0.009059696803855877,0.0031228169494751934,0.0057439085765244036
ppg,0.2689908795891143,0.2774046755707844,87.0,97.0,0.008413795981670136,0.0020818779663168696,0.0014359771441311286
ppg,0.2707053673260811,0.2797544563520899,87.0,97.0,0.009049089026008816,0.0017144877369668077,0.0023497807813054883
ppg,0.2715013794896728,0.2796239129753508,87.0,97.0,0.008122533485677985,0.0007960121635917083,0.00013054337673912286
ppg,0.2699093551624894,0.2805377166125251,87.0,97.0,0.010628361450035706,0.0015920243271834167,0.0009138036371743041
ppg,0.266419147983664,0.2772741321940453,87.0,97.0,0.01085498421038128,0.0034902071788253664,0.0032635844184797924
ppg,0.2596224287406884,0.2713996802407816,87.0,97.0,0.011777251500093178,0.006796719242975591,0.005874451953263693
ppg,0.2501927461873711,0.26356707763643,87.0,97.0,0.013374331449058918,0.009429682553317331,0.00783260260435159
ppg,0.2372116247503366,0.2541679545112081,87.0,97.0,0.016956329760871497,0.012981121437034476,0.009399123125221898
ppg,0.2233120277399271,0.2413747035907673,87.0,97.0,0.018062675850840204,0.01389959701040952,0.012793250920440813
ppg,0.2097185892539759,0.228973082800544,87.0,97.0,0.01925449354656808,0.013593438485951181,0.012401620790223306
ppg,0.1967374678169415,0.2189212427916261,87.0,97.0,0.022183774974684572,0.012981121437034393,0.0100518400089179
ppg,0.1836338829701237,0.205997448494446,87.0,97.0,0.02236356552432231,0.013103584846817812,0.012923794297180075
ppg,0.1727346394994061,0.1977732157598769,87.0,97.0,0.02503857626047082,0.010899243470717607,0.008224232734569098
ppg,0.1633049569460887,0.1895489830253078,87.0,97.0,0.02624402607921908,0.009429682553317387,0.008224232734569126
ppg,0.1565082377031131,0.1814552936674778,87.0,97.0,0.024947055964364723,0.0067967192429756185,0.008093689357829975
ppg,0.1502013720992709,0.1757113850909533,87.0,97.0,0.0255100129916824,0.006306865603842193,0.005743908576524515
ppg,0.1456702259372872,0.1704896500213856,87.0,97.0,0.0248194240840984,0.00453114616198369,0.00522173506956769
ppg,0.1416901651193285,0.166703892095949,87.0,97.0,0.025013726976620493,0.003980060817958708,0.003785757925436617
ppg,0.1397919822676867,0.1648762848216003,87.0,97.0,0.025084302553913612,0.0018981828516418109,0.0018276072743486915
ppg,0.2429674050101537,0.2693109862129545,87.0,97.0,0.02634358120280081,0.10317542274246702,0.10443470139135422
ppg,0.2273533202627774,0.2558650184088177,87.0,97.0,0.028511698146040293,0.0156140847473763,0.013445967804136816
ppg,0.2123515525643178,0.2413747035907673,87.0,97.0,0.02902315102644948,0.015001767698459595,0.01449031481805041
ppg,0.1978396385049916,0.2271454755261952,87.0,97.0,0.029305837021203623,0.014511914059326225,0.01422922806457208
ppg,0.1847972853630655,0.2160492885033639,87.0,97.0,0.03125200314029841,0.013042353141926089,0.0110961870228313
ppg,0.1733469565483229,0.2052141882340109,87.0,97.0,0.031867231685688,0.011450328814742589,0.010835100269352999
ppg,0.1649582129781638,0.1967288687459633,87.0,97.0,0.0317706557677995,0.008388743570159118,0.008485319488047621
ppg,0.1565082377031131,0.1881130058811766,87.0,97.0,0.031604768178063514,0.008449975275050703,0.008615862864786689
ppg,0.1509973842628627,0.1818469237976954,87.0,97.0,0.030849539534832715,0.005510853440250402,0.0062660820834812
ppg,0.1509973842628627,0.1818469237976954,87.0,97.0,0.030849539534832715,0.0,0.0
ppg,0.1449354454785872,0.1767557321048669,87.0,97.0,0.0318202866262797,0.006061938784275495,0.005091191692828512
ppg,0.1419350919388952,0.1727088874259519,87.0,97.0,0.030773795487056693,0.0030003535396919967,0.0040468446789150014
ppg,0.138628579874745,0.1689231295005153,87.0,97.0,0.0302945496257703,0.0033065120641501966,0.003785757925436589
ppg,0.1373427140720199,0.166703892095949,87.0,97.0,0.029361178023929096,0.0012858658027251058,0.00221923740456631
ppg,0.1381387262356116,0.1657900884587747,87.0,97.0,0.027651362223163084,0.0007960121635917083,0.0009138036371743041
ppg,0.1402818359068201,0.1669649788494274,87.0,97.0,0.02668314294260729,0.0021431096712085096,0.0011748903906527164
ppg,0.1435883479709704,0.1702285632679072,87.0,97.0,0.026640215296936803,0.00330651206415028,0.0032635844184797924
ppg,0.1495278233454625,0.1761030152211709,87.0,97.0,0.026575191875708393,0.005939475374492104,0.005874451953263693
ppg,0.1568143962275715,0.1805414900303035,87.0,97.0,0.023727093802731997,0.007286572882109016,0.00443847480913262
ppg,0.1637948105852221,0.1873297456207415,87.0,97.0,0.0235349350355194,0.006980414357650594,0.006788255590437997
ppg,0.1693056640254726,0.1913765902996565,87.0,97.0,0.022070926274183916,0.005510853440250485,0.0040468446789150014
ppg,0.1740205053021312,0.196467781992485,87.0,97.0,0.02244727669035379,0.00471484127665861,0.005091191692828484
ppg,0.1781230295298733,0.2010368001783567,87.0,97.0,0.022913770648483406,0.004102524227742099,0.004569018185871715
ppg,0.1805722977255401,0.203908754466619,87.0,97.0,0.023336456741078898,0.0024492681956667928,0.002871954288262285
ppg,0.1827766391016403,0.2078250557687948,87.0,97.0,0.02504841666715449,0.002204341376100205,0.003916301302175795
ppg,0.1846748219532822,0.2078250557687948,87.0,97.0,0.023150233815512594,0.0018981828516418942,0.0
ppg,0.1854708341168739,0.2091304895361867,87.0,97.0,0.02365965541931281,0.0007960121635917083,0.0013054337673919225
ppg,0.1875527120831907,0.2123940739546665,87.0,97.0,0.024841361871475814,0.0020818779663167863,0.0032635844184797924
ppg,0.1303622997143693,0.1570436822172488,87.0,97.0,0.02668138250287949,0.057190412368821386,0.05535039173741771
ppg,0.1361180799741864,0.1622654172868165,87.0,97.0,0.02614733731263011,0.0057557802598171,0.005221735069567718
ppg,0.1420575553486786,0.1659206318355139,87.0,97.0,0.023863076486835305,0.005939475374492187,0.003655214548697383
ppg,0.1465887015106623,0.1706201933981248,87.0,97.0,0.02403149188746248,0.004531146161983718,0.004699561562610893
ppg,0.1516097013117794,0.174797581453779,87.0,97.0,0.0231878801419996,0.0050209998011170875,0.0041773880556542076
ppg,0.154854981671038,0.177538992365302,87.0,97.0,0.022684010694263984,0.003245280359258612,0.0027414109115229957
ppg,0.1568143962275715,0.1789749695094332,87.0,97.0,0.02216057328186169,0.0019594145565335064,0.001435977144131212
ppg,0.1580390303254049,0.1800193165233467,87.0,97.0,0.021980286197941817,0.0012246340978333825,0.0010443470139135103
ppg,0.1585288839645383,0.1811942069139994,87.0,97.0,0.02266532294946111,0.0004898536391333974,0.0011748903906526886
ppg,0.1595698229476967,0.1810636635372602,87.0,97.0,0.021493840589563495,0.001040938983158407,0.00013054337673920613
ppg,0.1595698229476967,0.1810636635372602,87.0,97.0,0.021493840589563495,0.0,0.0
ppg,0.1599984448819384,0.1835439876953049,87.0,97.0,0.023545542813366488,0.0004286219342417019,0.0024803241580446944
ppg,0.1612843106846635,0.1844577913324792,87.0,97.0,0.023173480647815686,0.0012858658027251058,0.0009138036371743041
ppg,0.1612843106846635,0.1844577913324792,87.0,97.0,0.023173480647815686,0.0,0.0
ppg,0.1612843106846635,0.1844577913324792,87.0,97.0,0.023173480647815686,0.0,0.0
ppg,0.1623864813727136,0.1860243118533495,87.0,97.0,0.02363783048063589,0.0011021706880501025,0.001566520520870307
ppg,0.1648357495683805,0.1871992022440023,87.0,97.0,0.022363452675621787,0.002449268195666904,0.0011748903906527997
ppg,0.166978859239589,0.1886351793881334,87.0,97.0,0.021656320148544406,0.002143109671208482,0.0014359771441311009
ppg,0.1694281274352559,0.1907238734159605,87.0,97.0,0.021295745980704606,0.002449268195666904,0.0020886940278271038
ppg,0.1726734077945145,0.193073654197266,87.0,97.0,0.020400246402751482,0.003245280359258612,0.0023497807813054883
ppg,0.1765310052026898,0.1972510422529201,87.0,97.0,0.02072003705023029,0.0038575974081752895,0.0041773880556540965
ppg,0.1799599806766234,0.2009062568016175,87.0,97.0,0.020946276124994112,0.0034289754739335876,0.003655214548697411
ppg,0.1830827976260987,0.203256037582923,87.0,97.0,0.020173239956824296,0.0031228169494753044,0.0023497807813054883
ppg,0.1866342365098157,0.2052141882340109,87.0,97.0,0.018579951724195215,0.0035514388837170063,0.0019581506510879254
ppg,0.1896958217543992,0.210044293173361,87.0,97.0,0.020348471418961817,0.003061585244583498,0.0048301049393500994
ppg,0.1931247972283329,0.2125246173314057,87.0,97.0,0.019399820103072812,0.0034289754739336986,0.0024803241580446944
ppg,0.1968599312267249,0.2159187451266247,87.0,97.0,0.0190588138998998,0.0037351339983920095,0.0033941277952189985
ppg,0.2006562969300085,0.2194434162985829,87.0,97.0,0.018787119368574412,0.003796365703283594,0.0035246711719582047
ppg,0.1423637138731369,0.1570436822172488,87.0,97.0,0.014679968344111893,0.0582925830568716,0.06239973408133412
ppg,0.1437108113807537,0.1586102027381191,87.0,97.0,0.014899391357365399,0.0013470975076168012,0.001566520520870307
ppg,0.2096573575490843,0.2266233020192385,87.0,97.0,0.016965944470154204,0.0659465461683306,0.0680130992811194
ppg,0.2122290891545345,0.2287119960470656,87.0,97.0,0.016482906892531096,0.0025717316054502115,0.0020886940278271038
ppg,0.215106979284443,0.2332810142329373,87.0,97.0,0.01817403494849429,0.0028778901299084947,0.004569018185871687
ppg,0.1569980913422465,0.1715339970352992,87.0,97.0,0.014535905693052714,0.05810888794219651,0.06174701719763809
ppg,0.1622027862580386,0.1771473622350844,87.0,97.0,0.014944575977045793,0.0052046949157921185,0.0056133651997851974
ppg,0.1665502373053473,0.1800193165233467,87.0,97.0,0.013469079217999419,0.004347451047308687,0.002871954288262313
ppg,0.1715100054015727,0.185632681723132,87.0,97.0,0.01412267632155928,0.00495976809622542,0.005613365199785281
ppg,0.1764697734977982,0.1915071336763956,87.0,97.0,0.015037360178597414,0.004959768096225475,0.00587445195326361
ppg,0.1814295415940235,0.1965983253692242,87.0,97.0,0.0151687837752007,0.004959768096225309,0.005091191692828595
ppg,0.1872465535587324,0.2006451700481391,87.0,97.0,0.013398616489406684,0.005817011964708907,0.00404684467891489
ppg,0.1916552363109327,0.206650165378142,87.0,97.0,0.014994929067209284,0.004408682752200299,0.006004995330002899
ppg,0.1958189922435664,0.2109580968105354,87.0,97.0,0.015139104566969014,0.004163755932633684,0.004307931432393414
ppg,0.1999215164713084,0.2150049414894503,87.0,97.0,0.015083425018141888,0.004102524227742016,0.00404684467891489
ppg,0.1999215164713084,0.2150049414894503,87.0,97.0,0.015083425018141888,0.0,0.0
ppg,0.2025544797816503,0.2178768957777126,87.0,97.0,0.015322415996062294,0.002632963310341907,0.002871954288262313
ppg,0.2064733088947173,0.220879393442714,87.0,97.0,0.014406084547996717,0.003918829113066985,0.003002497665001408
ppg,0.2097798209588676,0.2229680874705411,87.0,97.0,0.013188266511673485,0.0033065120641503076,0.002088694027827076
ppg,0.2127801744985595,0.2259705851355425,87.0,97.0,0.013190410636983008,0.0030003535396918857,0.003002497665001408
ppg,0.2154131378089014,0.228973082800544,87.0,97.0,0.013559944991642592,0.002632963310341907,0.003002497665001491
ppg,0.2190870401024017,0.2330199274794589,87.0,97.0,0.013932887377057196,0.003673902293500314,0.004046844678914918
ppg,0.2223323204616603,0.2365445986514172,87.0,97.0,0.0142122781897569,0.0032452803592585844,0.003524671171958288
ppg,0.2255776008209189,0.2394165529396794,87.0,97.0,0.01383895211876049,0.003245280359258612,0.0028719542882622018
ppg,0.2284554909508275,0.2421579638512024,87.0,97.0,0.013702472900374879,0.0028778901299086057,0.0027414109115229957
ppg,0.2320681615394361,0.2452910048929431,87.0,97.0,0.013222843353506986,0.003612670588608591,0.0031330410417406973
ppg,0.2346398931448864,0.2484240459346837,87.0,97.0,0.013784152789797305,0.0025717316054502948,0.003133041041740614
ppg,0.2379464052090366,0.2520792604833811,87.0,97.0,0.014132855274344491,0.0033065120641501966,0.003655214548697383
ppg,0.2407018319291619,0.2542984978879474,87.0,97.0,0.013596665958785503,0.002755426720125298,0.00221923740456631
ppg,0.2430286367150454,0.2566482786692528,87.0,97.0,0.013619641954207423,0.002326804785883513,0.0023497807813054328
ppg,0.2451105146813622,0.2595202329575151,87.0,97.0,0.014409718276152894,0.0020818779663167863,0.0028719542882622573
ppg,0.246090221959629,0.2612172968551246,87.0,97.0,0.015127074895495612,0.0009797072782668226,0.001697063897609541
ppg,0.2479271731063791,0.2646114246503436,87.0,97.0,0.016684251543964496,0.0018369511467500876,0.003394127795218971
ppg,0.2170663938409766,0.2375889456653307,87.0,97.0,0.020522551824354113,0.03086077926540251,0.027022478985012893
ppg,0.2190870401024017,0.2390249228094618,87.0,97.0,0.019937882707060095,0.0020206462614251186,0.0014359771441311009
ppg,0.2204953693149102,0.2404608999535929,87.0,97.0,0.0199655306386827,0.0014083292125084967,0.0014359771441311009
ppg,0.2219036985274186,0.2413747035907673,87.0,97.0,0.0194710050633487,0.0014083292125083857,0.0009138036371743874
ppg,0.222026161937202,0.2416357903442457,87.0,97.0,0.019609628407043694,0.00012246340978341874,0.00026108675347841226
ppg,0.2226997106910103,0.2401998132001145,87.0,97.0,0.017500102509104193,0.0006735487538082896,0.001435977144131212
ppg,0.222760942395902,0.2401998132001145,87.0,97.0,0.017438870804212497,6.123170489169549e-05,0.0
ppg,0.222209857051877,0.2407219867070713,87.0,97.0,0.018512129655194276,0.0005510853440249819,0.0005221735069567968
ppg,0.222577247281227,0.238502749302505,87.0,97.0,0.015925502021278015,0.00036739022934997867,0.002219237404566282
ppg,0.2214750765931769,0.2390249228094618,87.0,97.0,0.017549846216284914,0.0011021706880501025,0.0005221735069567968
ppg,0.2208015278393685,0.2382416625490266,87.0,97.0,0.017440134709658106,0.0006735487538084006,0.000783260260435209
ppg,0.2208015278393685,0.2382416625490266,87.0,97.0,0.017440134709658106,0.0,0.0
ppg,0.2196993571513184,0.2379805757955482,87.0,97.0,0.018281218644229824,0.0011021706880501025,0.0002610867534783845
ppg,0.2181685645290267,0.2362835118979387,87.0,97.0,0.018114947368912004,0.0015307926222916934,0.0016970638976095132
ppg,0.2181685645290267,0.2362835118979387,87.0,97.0,0.018114947368912004,0.0,0.0
ppg,0.2181685645290267,0.2362835118979387,87.0,97.0,0.018114947368912004,0.0,0.0
ppg,0.2144946622355263,0.2340642744933725,87.0,97.0,0.019569612257846203,0.0036739022935003973,0.002219237404566199
ppg,0.2072080893534174,0.2294952563075007,88.0,97.0,0.02228716695408331,0.007286572882108905,0.004569018185871798
ppg,0.1966150044071582,0.2189212427916261,88.0,97.0,0.02230623838446788,0.010593084946259185,0.010574013515874614
ppg,0.1835726512652321,0.2091304895361867,88.0,97.0,0.02555783827095462,0.013042353141926116,0.009790753255439377
ppg,0.1685708835667725,0.1968594121227025,88.0,97.0,0.028288528555930004,0.015001767698459595,0.01227107741348421
ppg,0.1524057134753711,0.1838050744487833,88.0,97.0,0.0313993609734122,0.016165170091401393,0.013054337673919197
ppg,0.1375876408915865,0.1695758463842113,88.0,97.0,0.031988205492624794,0.014818072583784592,0.014229228064571997
ppg,0.1241166658154187,0.1583491159846407,88.0,97.0,0.03423245016922198,0.013470975076167804,0.011226730399570617
ppg,0.1128500321153511,0.1480361892222445,88.0,97.0,0.035186157106893406,0.0112666337000676,0.010312926762396174
ppg,0.1045837519549754,0.1402035866178929,88.0,97.0,0.03561983466291749,0.0082662801603757,0.007832602604351618
ppg,0.0988279716951583,0.1349818515483252,88.0,97.0,0.0361538798531669,0.0057557802598171,0.00522173506956769
ppg,0.2678274771961725,0.2986832459792729,88.0,97.0,0.030855768783100423,0.1689995055010142,0.16370139443094772
ppg,0.2601122823798218,0.2929393374027484,88.0,97.0,0.0328270550229266,0.00771519481635069,0.005743908576524515
ppg,0.2506213681216127,0.2845845612914401,88.0,97.0,0.03396319316982743,0.009490914258209138,0.008354776111308304
ppg,0.238252563733495,0.2749243514127398,88.0,97.0,0.03667178767924481,0.012368804388117688,0.00966020987870031
ppg,0.2241080399035188,0.2631754475062124,88.0,97.0,0.039067407602693616,0.014144523829976191,0.011748903906527386
ppg,0.2089225770903842,0.2497294797020756,88.0,97.0,0.0408069026116914,0.015185462813134598,0.013445967804136816
ppg,0.1942881996212747,0.2362835118979387,88.0,97.0,0.041995312276664004,0.014634377469109505,0.013445967804136899
ppg,0.179286431922815,0.2225764573403235,88.0,97.0,0.04329002541750851,0.015001767698459706,0.0137070545576152
ppg,0.1655092983221889,0.2117413570709705,88.0,97.0,0.046232058748781585,0.013777133600626074,0.010835100269352999
ppg,0.154487591441688,0.2015589736853135,88.0,97.0,0.047071382243625504,0.011021706880500914,0.010182383385656996
ppg,0.1447517503639121,0.1921598505600916,88.0,97.0,0.0474081001961795,0.009735841077775892,0.009399123125221898
ppg,0.1377101043013699,0.1858937684766104,88.0,97.0,0.048183664175240504,0.007041646062542206,0.0062660820834812
ppg,0.1312195435828527,0.1798887731466075,88.0,97.0,0.0486692295637548,0.0064905607185171965,0.006004995330002899
ppg,0.1268108608306523,0.1733616043096479,88.0,97.0,0.0465507434789956,0.00440868275220041,0.006527168836959613
ppg,0.1222797146686686,0.1684009559935585,88.0,97.0,0.0461212413248899,0.00453114616198369,0.004960648316089389
ppg,0.11976921476811,0.1647457414448611,88.0,97.0,0.04497652667675109,0.0025104999005585993,0.003655214548697411
ppg,0.1171974831626598,0.1622654172868165,88.0,97.0,0.04506793412415672,0.0025717316054502115,0.0024803241580445834
ppg,0.1171974831626598,0.1622654172868165,88.0,97.0,0.04506793412415672,0.0,0.0
ppg,0.1176873368017932,0.1610905268961637,88.0,97.0,0.043403190094370506,0.0004898536391334113,0.0011748903906527997
ppg,0.1187282757849516,0.1617432437798597,88.0,97.0,0.043014967994908115,0.0010409389831583932,0.0006527168836960029
ppg,0.1221572512588852,0.1620043305333381,88.0,97.0,0.0398470792744529,0.0034289754739336015,0.0002610867534783845
ppg,0.127239482764894,0.1663122619657314,88.0,97.0,0.039072779200837404,0.005082231506008797,0.004307931432393303
ppg,0.1337912751883029,0.1729699741794303,88.0,97.0,0.039178698991127414,0.006551792423408892,0.006657712213698902
ppg,0.1402206042019284,0.1785833393792156,88.0,97.0,0.03836273517728722,0.006429329013625501,0.0056133651997853085
ppg,0.1457926893470706,0.1827607274348698,88.0,97.0,0.03696803808779919,0.005572085145142208,0.00417738805565418
ppg,0.1499564452797042,0.1851105082161752,88.0,97.0,0.035154062936471,0.0041637559326336004,0.002349780781305405
ppg,0.1519158598362377,0.1869381154905239,88.0,97.0,0.03502225565428618,0.0019594145565335064,0.0018276072743486915
ppg,0.1527118719998295,0.1878519191276983,88.0,97.0,0.035140047127868806,0.0007960121635917916,0.0009138036371744152
ppg,0.0759885457705647,0.1122673039957057,88.0,97.0,0.036278758225141,0.0767233262292648,0.0755846151319926
ppg,0.1519770915411294,0.1871992022440023,88.0,97.0,0.0352221107028729,0.0759885457705647,0.0749318982482966
ppg,0.1512423110824293,0.1861548552300888,88.0,97.0,0.034912544147659486,0.0007347804587000961,0.0010443470139135103
ppg,0.1508136891481876,0.184979964839436,88.0,97.0,0.03416627569124839,0.0004286219342417019,0.0011748903906527997
ppg,0.1508749208530793,0.1858937684766104,88.0,97.0,0.03501884762353111,6.123170489169549e-05,0.0009138036371744152
ppg,0.151303542787321,0.1857632250998712,88.0,97.0,0.0344596823125502,0.0004286219342417019,0.00013054337673920613
ppg,0.0950316059918746,0.1234940343952762,88.0,97.0,0.028462428403401602,0.0562719367954464,0.062269190704594996
ppg,0.1006036911370168,0.1293684863485399,88.0,97.0,0.0287647952115231,0.005572085145142194,0.005874451953263693
ppg,0.1063594713968339,0.1323709840135414,88.0,97.0,0.02601151261670749,0.0057557802598171,0.003002497665001491
ppg,0.1091761298218508,0.1374621757063699,88.0,97.0,0.028286045884519093,0.00281665842501691,0.005091191692828512
ppg,0.111380471197951,0.138245435966805,88.0,97.0,0.026864964768854,0.002204341376100191,0.000783260260435098
ppg,0.111747861427301,0.1399424998644145,88.0,97.0,0.028194638437113506,0.0003673902293500064,0.0016970638976095132
ppg,0.112298946771326,0.1395508697341969,88.0,97.0,0.027251922962870892,0.0005510853440249958,0.0003916301302176184
ppg,0.1118703248370844,0.1396814131109361,88.0,97.0,0.027811088273851703,0.0004286219342416048,0.00013054337673920613
ppg,0.1116866297224093,0.1390286962272402,88.0,97.0,0.02734206650483091,0.00018369511467510036,0.0006527168836958919
ppg,0.1116866297224093,0.1402035866178929,88.0,97.0,0.0285169568954836,0.0,0.0011748903906526886
ppg,0.1132174223447011,0.1415090203852848,88.0,97.0,0.02829159804058369,0.0015307926222918045,0.0013054337673918948
ppg,0.115666690540368,0.1434671710363727,88.0,97.0,0.027800480496004684,0.002449268195666904,0.0019581506510878977
ppg,0.1175648733920098,0.1446420614270255,88.0,97.0,0.027077188035015687,0.001898182851641797,0.0011748903906527997
ppg,0.11976921476811,0.1469918422083309,88.0,97.0,0.027222627440220887,0.002204341376100205,0.002349780781305405
ppg,0.1227695683078019,0.1498637964965932,88.0,97.0,0.0270942281887913,0.0030003535396918996,0.002871954288262313
ppg,0.1258311535523855,0.1515608603942027,88.0,97.0,0.02572970684181719,0.003061585244583595,0.0016970638976094854
ppg,0.1286478119774024,0.1554771616963784,88.0,97.0,0.026829349718975992,0.00281665842501691,0.003916301302175712
ppg,0.1325054093855777,0.1591323762450759,88.0,97.0,0.026626966859498197,0.0038575974081752895,0.003655214548697494
ppg,0.1325054093855777,0.1591323762450759,88.0,97.0,0.026626966859498197,0.0,0.0
ppg,0.1369140921377781,0.1627875907937732,88.0,97.0,0.025873498655995086,0.00440868275220041,0.0036552145486972998
ppg,0.1408941529557368,0.1668344354726882,88.0,97.0,0.025940282516951407,0.0039800608179586805,0.0040468446789150014
ppg,0.1454865308226122,0.1720561705422559,88.0,97.0,0.026569639719643684,0.004592377866875413,0.00522173506956769
ppg,0.1492828965258958,0.1740143211933438,88.0,97.0,0.024731424667448015,0.003796365703283594,0.0019581506510879254
ppg,0.1540589695074462,0.1780611658722588,88.0,97.0,0.0240021963648126,0.004776072981550389,0.004046844678914974
ppg,0.15859011566943,0.1838050744487833,88.0,97.0,0.025214958779353314,0.004531146161983801,0.005743908576524515
ppg,0.163243725241197,0.1888962661416118,88.0,97.0,0.0256525409004148,0.004653609571767026,0.005091191692828512
ppg,0.1676524079933974,0.1929431108205268,88.0,97.0,0.02529070282712939,0.004408682752200382,0.004046844678914974
ppg,0.1721835541553811,0.1985564760203121,88.0,97.0,0.02637292186493098,0.004531146161983718,0.0056133651997853085
ppg,0.1265047023061939,0.1588712894915975,88.0,97.0,0.03236658718540361,0.04567885184918721,0.03968518652871458
ppg,0.1307909216486109,0.1625265040402949,88.0,97.0,0.031735582391684,0.004286219342416991,0.003655214548697383
ppg,0.1359956165644031,0.1691842162539937,88.0,97.0,0.03318859968959062,0.005204694915792202,0.006657712213698819
ppg,0.1412615431850868,0.1737532344398654,88.0,97.0,0.032491691254778604,0.005265926620683703,0.004569018185871687
ppg,0.1469560917400123,0.178844426132694,88.0,97.0,0.03188833439268168,0.005694548554925516,0.005091191692828595
ppg,0.1521607866558044,0.1841967045790009,88.0,97.0,0.03203591792319649,0.005204694915792091,0.005352278446306896
ppg,0.1577328718009465,0.1885046360113942,88.0,97.0,0.030771764210447694,0.005572085145142097,0.004307931432393303
ppg,0.1637335788803304,0.1950318048483539,88.0,97.0,0.03129822596802348,0.00600070707938391,0.006527168836959696
ppg,0.1694893591401476,0.2002535399179216,88.0,97.0,0.030764180777774014,0.005755780259817184,0.005221735069567718
ppg,0.1745103589412646,0.207302882261838,88.0,97.0,0.03279252332057339,0.005020999801117004,0.007049342343916382
ppg,0.1811846147744568,0.2133078775918408,88.0,97.0,0.03212326281738401,0.0066742558331922,0.006004995330002816
ppg,0.1866954682147073,0.2199655898055397,88.0,97.0,0.0332701215908324,0.005510853440250513,0.006657712213698902
ppg,0.1920226265402828,0.2247956947448898,88.0,97.0,0.032773068204607014,0.005327158325575482,0.0048301049393500994
ppg,0.1979621019147749,0.2301479731911967,88.0,97.0,0.03218587127642181,0.005939475374492104,0.005352278446306896
ppg,0.202983101715892,0.2365445986514172,88.0,97.0,0.03356149693552518,0.005020999801117115,0.00639662546022049
ppg,0.2078816381072258,0.241244160214028,88.0,97.0,0.03336252210680221,0.00489853639133378,0.00469956156261081
ppg,0.2124740159741012,0.2467269820370742,88.0,97.0,0.034252966062972984,0.004592377866875413,0.005482821823046186
ppg,0.2172500889556516,0.2510349134694675,88.0,97.0,0.0337848245138159,0.004776072981550389,0.004307931432393303
ppg,0.2172500889556516,0.2510349134694675,88.0,97.0,0.0337848245138159,0.0,0.0
ppg,0.2224547838714437,0.2552123015251217,88.0,97.0,0.03275751765367799,0.0052046949157921185,0.0041773880556542076
ppg,0.2280268690165858,0.2606951233481678,88.0,97.0,0.03266825433158199,0.005572085145142097,0.005482821823046102
ppg,0.2331703322274863,0.2664390319246922,88.0,97.0,0.03326869969720592,0.0051434632109004785,0.0057439085765244036
ppg,0.2378851735041449,0.2708775067338248,88.0,97.0,0.03299233322967993,0.00471484127665861,0.00443847480913262
ppg,0.2420489294367787,0.2758381550499141,88.0,97.0,0.03378922561313541,0.004163755932633795,0.004960648316089278
ppg,0.2465188438938707,0.2804071732357859,88.0,97.0,0.03388832934191521,0.004469914457091995,0.004569018185871798
ppg,0.2492742706139959,0.2830180407705697,88.0,97.0,0.03374377015657379,0.0027554267201252147,0.0026108675347837895
ppg,0.2531318680221713,0.2870648854494847,88.0,97.0,0.03393301742731342,0.0038575974081754005,0.004046844678915029
ppg,0.2561934532667548,0.2903284698679645,88.0,97.0,0.03413501660120971,0.003061585244583498,0.0032635844184797924
ppg,0.2232507960350354,0.2639587077666476,89.0,97.0,0.0407079117316122,0.03294265723171941,0.026369762101316918
ppg,0.2272920885578858,0.2680055524455626,89.0,97.0,0.040713463887676826,0.004041292522850404,0.004046844678915029
ppg,0.2308435274416027,0.2715302236175207,89.0,97.0,0.040686696175918025,0.0035514388837168953,0.0035246711719580937
ppg,0.2351297467840197,0.2738800043988263,89.0,97.0,0.038750257614806605,0.004286219342417019,0.0023497807813055993
ppg,0.2509275266460711,0.2890230361005726,88.0,97.0,0.03809550945450152,0.015797779862051387,0.015143031701746301
ppg,0.2422326245514537,0.2813209768729602,89.0,97.0,0.03908835232150651,0.008694902094617402,0.007702059227612412
ppg,0.2452942097960372,0.2864121685657887,89.0,97.0,0.04111795876975152,0.003061585244583498,0.005091191692828512
ppg,0.2486007218601875,0.2885008625936158,89.0,97.0,0.03990014073342829,0.0033065120641503076,0.002088694027827076
ppg,0.2520296973341212,0.2905895566214429,89.0,97.0,0.038559859287321696,0.0034289754739337264,0.0020886940278271315
ppg,0.253560489956413,0.2925477072725308,89.0,97.0,0.03898721731611782,0.0015307926222917767,0.0019581506510878977
ppg,0.2563771483814299,0.2954196615607931,89.0,97.0,0.03904251317936319,0.0028166584250168825,0.0028719542882622573
ppg,0.25821409952818,0.2984221592257945,89.0,97.0,0.04020805969761454,0.0018369511467500876,0.0030024976650014357
ppg,0.2596224287406884,0.3002497665001432,89.0,97.0,0.04062733775945476,0.0014083292125084412,0.0018276072743486638
ppg,0.2607245994287386,0.3003803098768824,89.0,97.0,0.03965571044814381,0.0011021706880501858,0.00013054337673923389
ppg,0.2603572091993886,0.3002497665001432,89.0,97.0,0.03989255730075458,0.0003673902293500064,0.00013054337673923389
ppg,0.2572343922499133,0.2978999857188377,89.0,97.0,0.0406655934689244,0.0031228169494753044,0.0023497807813054883
ppg,0.2500702827775877,0.293330967532966,89.0,97.0,0.04326068475537831,0.007164109472325597,0.004569018185871687
ppg,0.2392935027166534,0.2822347805101346,89.0,97.0,0.042941277793481225,0.010776780060934299,0.011096187022831383
ppg,0.2273533202627774,0.2725745706314343,89.0,97.0,0.0452212503686569,0.011940182453875986,0.00966020987870031
ppg,0.2127189427936678,0.2593896895807759,89.0,97.0,0.046670746787108114,0.014634377469109616,0.013184881050658404
ppg,0.1966762361120498,0.2450299181394646,89.0,97.0,0.0483536820274148,0.016042706681618002,0.014359771441311314
ppg,0.1806335294304318,0.2305396033214143,89.0,97.0,0.049906073890982505,0.016042706681618002,0.014490314818050298
ppg,0.1644071276341388,0.2159187451266247,89.0,97.0,0.051511617492485895,0.016226401796292977,0.014620858194789588
ppg,0.1493441282307875,0.2020811471922703,89.0,97.0,0.05273701896148281,0.015062999403351318,0.013837597934354406
ppg,0.1493441282307875,0.2020811471922703,89.0,97.0,0.05273701896148281,0.0,0.0
ppg,0.1359343848595114,0.1886351793881334,89.0,97.0,0.052700794528622,0.013409743371276095,0.013445967804136899
ppg,0.1241166658154187,0.1780611658722588,89.0,97.0,0.05394450005684008,0.011817719044092692,0.010574013515874614
ppg,0.1140746662131846,0.1682704126168193,89.0,97.0,0.0541957464036347,0.010041999602234106,0.009790753255439488
ppg,0.1055022275283505,0.1596545497520326,89.0,97.0,0.0541523222236821,0.008572438684834094,0.008615862864786689
ppg,0.099440288744075,0.1528662941615946,89.0,97.0,0.053426005417519615,0.0060619387842755085,0.006788255590437997
ppg,0.0941131304184995,0.1459474951944174,89.0,97.0,0.05183436477591791,0.005327158325575496,0.006918798967177203
ppg,0.0891533623222741,0.1424228240224592,89.0,97.0,0.05326946170018511,0.004959768096225406,0.0035246711719582047
ppg,0.0854182283238821,0.1372010889528915,89.0,97.0,0.051782860629009386,0.0037351339983919957,0.005221735069567718
ppg,0.1614067740944469,0.1982953892668337,89.0,97.0,0.03688861517238681,0.0759885457705648,0.061094300313942224
ppg,0.1453640674128288,0.1831523575650873,89.0,97.0,0.037788290152258486,0.016042706681618085,0.015143031701746412
ppg,0.1290764339116442,0.1695758463842113,89.0,97.0,0.04049941247256711,0.016287633501184617,0.013576511180875994
ppg,0.1133398857544845,0.153127380915073,89.0,97.0,0.03978749516058849,0.01573654815715969,0.016448465469138307
ppg,0.0980319595315665,0.1407257601248497,89.0,97.0,0.04269380059328319,0.015307926222918003,0.012401620790223306
ppg,0.0856631551434488,0.1271492489439737,89.0,97.0,0.0414860938005249,0.012368804388117702,0.013576511180875994
ppg,0.0752537653118646,0.1169668655583166,89.0,97.0,0.041713100246452,0.010409389831584195,0.010182383385657093
ppg,0.0662527046927888,0.1067844821726596,89.0,97.0,0.0405317774798708,0.00900106061907581,0.01018238338565701
ppg,0.0587824366960049,0.0992129663217864,89.0,97.0,0.0404305296257815,0.007470267996783894,0.007571515850873192
ppg,0.0529654247312961,0.0925552541080876,89.0,97.0,0.0395898293767915,0.005817011964708803,0.006657712213698805
ppg,0.048128120044854,0.0866808021548239,89.0,97.0,0.038552682109969906,0.004837304686442098,0.005874451953263693
ppg,0.0434132787681952,0.0804147200713426,89.0,97.0,0.03700144130314739,0.004714841276658797,0.006266082083481311
ppg,0.04065785204807,0.0781954826667764,89.0,97.0,0.037537630618706394,0.002755426720125201,0.002219237404566199
ppg,0.040474156933395,0.0763678753924277,89.0,97.0,0.035893718459032706,0.0001836951146750032,0.0018276072743486915
ppg,0.0433520470633036,0.0774122224063412,89.0,97.0,0.034060175343037596,0.0028778901299086057,0.0010443470139134964
ppg,0.0499038394867125,0.081328523708517,89.0,97.0,0.03142468422180449,0.006551792423408899,0.003916301302175795
ppg,0.0564556319101214,0.0885084094291726,89.0,97.0,0.032052777519051195,0.006551792423408899,0.007179885720655602
ppg,0.0647831437753887,0.0954272083963498,89.0,97.0,0.0306440646209611,0.008327511865267298,0.006918798967177203
ppg,0.0726820337064144,0.1027376374937446,89.0,97.0,0.030055603787330187,0.007898889931025707,0.007310429097394794
ppg,0.0796012163591733,0.1088731762004867,89.0,97.0,0.029271959841313394,0.006919182652758898,0.006135538706742105
ppg,0.0796012163591733,0.1088731762004867,89.0,97.0,0.029271959841313394,0.0,0.0
ppg,0.083948667406482,0.1117451304887489,89.0,97.0,0.027796463082266895,0.004347451047308701,0.0028719542882622018
ppg,0.087500106290199,0.1181417559489693,89.0,97.0,0.030641649658770295,0.0035514388837169925,0.006396625460220393
ppg,0.0898269110760825,0.1189250162094045,89.0,97.0,0.029098105133322005,0.002326804785883499,0.000783260260435209
ppg,0.0912352402885909,0.1191861029628829,89.0,97.0,0.027950862674292004,0.0014083292125083996,0.0002610867534783984
ppg,0.0908066183543492,0.1211442536139708,89.0,97.0,0.030337635259621604,0.0004286219342417019,0.0019581506510878977
ppg,0.0935008133695828,0.1228413175115803,89.0,97.0,0.0293405041419975,0.0026941950152336025,0.0016970638976094993
ppg,0.0949091425820913,0.124668924785929,89.0,97.0,0.02975978220383771,0.0014083292125084967,0.0018276072743487054
ppg,0.1217286293246435,0.1669649788494274,89.0,97.0,0.045236349524783906,0.026819486742552204,0.0422960540634984
ppg,0.1271170193551106,0.1694453030074721,89.0,97.0,0.04232828365236149,0.005388390030467108,0.0024803241580446944
ppg,0.1332401898442778,0.1755808417142141,89.0,97.0,0.0423406518699363,0.00612317048916719,0.006135538706741994
ppg,0.1384448847600699,0.1804109466535643,89.0,97.0,0.041966061893494416,0.005204694915792091,0.0048301049393502105
ppg,0.1424861772829203,0.1839356178255225,89.0,97.0,0.04144944054260222,0.004041292522850404,0.0035246711719582047
ppg,0.1459763844617455,0.1857632250998712,89.0,97.0,0.03978684063812571,0.0034902071788252,0.0018276072743486915
ppg,0.147568408788929,0.1881130058811766,89.0,97.0,0.040544597092247614,0.0015920243271835,0.002349780781305405
ppg,0.147384713674254,0.1870686588672631,89.0,97.0,0.03968394519300911,0.0001836951146750032,0.0010443470139135103
ppg,0.1469560917400123,0.1873297456207415,88.0,97.0,0.04037365388072919,0.00042862193424167416,0.00026108675347841226
ppg,0.1476908721987124,0.1866770287370455,88.0,97.0,0.038986156538333094,0.0007347804587000961,0.0006527168836960029
ppg,0.147017323444904,0.1866770287370455,88.0,97.0,0.039659705292141495,0.0006735487538084006,0.0
ppg,0.147201018559579,0.1869381154905239,88.0,97.0,0.039737096930944876,0.0001836951146750032,0.0002610867534783845
ppg,0.1478745673133874,0.1874602889974807,88.0,97.0,0.0395857216840933,0.0006735487538084006,0.0005221735069568245
ppg,0.1498952135748125,0.1888962661416118,88.0,97.0,0.03900105256679931,0.002020646261425091,0.0014359771441311009
ppg,0.1514260061971043,0.1903322432857429,88.0,97.0,0.03890623708863861,0.0015307926222918045,0.0014359771441311009
ppg,0.1543038963270129,0.1938569144577011,88.0,97.0,0.03955301813068818,0.0028778901299086057,0.003524671171958177
ppg,0.1577941035058382,0.195815065108789,88.0,97.0,0.03802096160295079,0.003490207178825283,0.0019581506510878977
ppg,0.1618966277335802,0.2006451700481391,88.0,97.0,0.038748542314558876,0.004102524227742016,0.0048301049393500994
ppg,0.1649582129781638,0.2043003845968365,88.0,97.0,0.039342171618672706,0.003061585244583581,0.003655214548697411
ppg,0.1696118225499309,0.2075639690153163,88.0,97.0,0.03795214646538539,0.004653609571767109,0.0032635844184797924
ppg,0.1742654321216979,0.2127857040848841,88.0,97.0,0.03852027196318619,0.004653609571766998,0.005221735069567801
ppg,0.1797150538570567,0.2172241788940166,88.0,97.0,0.03750912503695991,0.0054496217353587895,0.004438474809132509
ppg,0.1843074317239321,0.2219237404566276,88.0,97.0,0.0376163087326955,0.004592377866875413,0.004699561562611004
ppg,0.1893896632299409,0.2275371056564128,88.0,97.0,0.03814744242647189,0.005082231506008811,0.0056133651997851974
ppg,0.1941045045065997,0.2332810142329373,88.0,97.0,0.0391765097263376,0.004714841276658777,0.005743908576524487
ppg,0.1995541262419584,0.2382416625490266,88.0,97.0,0.0386875363070682,0.005449621735358706,0.0049606483160893056
ppg,0.1995541262419584,0.2382416625490266,88.0,97.0,0.0386875363070682,0.0,0.0
ppg,0.2032892602403504,0.2424190506046808,88.0,97.0,0.0391297903643304,0.0037351339983920095,0.0041773880556542076
ppg,0.2071468576485257,0.2452910048929431,88.0,97.0,0.03814414724441739,0.0038575974081752895,0.002871954288262285
ppg,0.2117392355154011,0.2492073061951188,88.0,97.0,0.03746807067971769,0.004592377866875413,0.003916301302175712
ppg,0.2142497354159596,0.2516876303531635,88.0,97.0,0.0374378949372039,0.0025104999005584883,0.0024803241580446944
ppg,0.2171276255458682,0.2556039316553393,88.0,97.0,0.03847630610947109,0.0028778901299086057,0.003916301302175795
ppg,0.2197605888562101,0.2578231690599056,88.0,97.0,0.03806258020369549,0.002632963310341907,0.00221923740456631
ppg,0.1699792127792809,0.2063890786246636,88.0,97.0,0.036409865845382694,0.0497813760769292,0.051434090435242
ppg,0.1730407980238645,0.2083472292757515,88.0,97.0,0.03530643125188701,0.003061585244583581,0.0019581506510878977
ppg,0.1774494807760649,0.2116108136942313,88.0,97.0,0.03416133291816639,0.00440868275220041,0.0032635844184797924
ppg,0.1801436757912984,0.2155271149964071,88.0,97.0,0.0353834392051087,0.0026941950152334915,0.003916301302175795
ppg,0.1846748219532822,0.2190517861683653,88.0,97.0,0.0343769642150831,0.004531146161983801,0.0035246711719582047
ppg,0.1888998095908075,0.2233597176007586,88.0,97.0,0.03445990800995111,0.004224987637525296,0.004307931432393303
ppg,0.1930023338185495,0.2271454755261952,88.0,97.0,0.03414314170764571,0.004102524227742016,0.003785757925436617
ppg,0.1959414556533498,0.2305396033214143,88.0,97.0,0.03459814766806449,0.002939121834800301,0.003394127795219082
ppg,0.2000439798810918,0.2343253612468508,88.0,97.0,0.034281381365759006,0.004102524227741988,0.003785757925436506
ppg,0.2023095529620836,0.2356307950142428,88.0,97.0,0.033321242052159195,0.0022655730809918173,0.0013054337673920058
ppg,0.2053099065017756,0.2395470963164186,88.0,97.0,0.03423718981464299,0.0030003535396919967,0.003916301302175795
ppg,0.2078816381072258,0.2394165529396794,88.0,97.0,0.0315349148324536,0.0025717316054501838,0.00013054337673920613
ppg,0.210085979483326,0.2438550277488119,88.0,97.0,0.03376904826548591,0.002204341376100205,0.004438474809132509
ppg,0.2129638696132345,0.2454215482696823,88.0,97.0,0.0324576786564478,0.0028778901299084947,0.0015665205208703903
ppg,0.2157805280382514,0.2479018724277269,88.0,97.0,0.032121344389475504,0.00281665842501691,0.002480324158044611
ppg,0.2185971864632684,0.2518181737299027,88.0,97.0,0.03322098726663428,0.0028166584250169935,0.0039163013021757676
ppg,0.2203729059051268,0.2524708906135987,88.0,97.0,0.03209798470847189,0.0017757194418583921,0.0006527168836960029
ppg,0.2241692716084105,0.256126105162296,88.0,97.0,0.03195683355388551,0.003796365703283705,0.0036552145486973275
ppg,0.2266185398040773,0.2589980594505583,88.0,97.0,0.032379519646481,0.0024492681956668205,0.002871954288262313
ppg,0.2292515031144193,0.261478383608603,88.0,97.0,0.03222688049418368,0.0026329633103419903,0.0024803241580446667
ppg,0.2319456981296528,0.2627838173759949,88.0,97.0,0.030838119246342083,0.0026941950152334915,0.0013054337673918948
ppg,0.2344561980302113,0.2657863150409963,88.0,97.0,0.031330117010785,0.002510499900558516,0.0030024976650014357
ppg,0.2359257589476115,0.2672222921851274,88.0,97.0,0.03129653323751588,0.0014695609174001922,0.0014359771441310731
ppg,0.2369054662258782,0.2672222921851274,88.0,97.0,0.0303168259592492,0.0009797072782666838,0.0
ppg,0.2374565515699032,0.2668306620549098,88.0,97.0,0.0293741104850066,0.0005510853440250096,0.00039163013021759063
ppg,0.238252563733495,0.2683971825757801,88.0,97.0,0.030144618842285115,0.0007960121635917916,0.001566520520870307
ppg,0.2392322710117618,0.2700942464733897,88.0,97.0,0.03086197546162789,0.0009797072782668226,0.0016970638976095964
ppg,0.2391710393068701,0.2712691368640424,88.0,97.0,0.03209809755717233,6.123170489172325e-05,0.0011748903906527164
ppg,0.2399058197655701,0.2697026163431721,88.0,97.0,0.02979679657760201,0.0007347804587000129,0.001566520520870307
ppg,0.1822255537576153,0.2043003845968365,88.0,97.0,0.02207483083922121,0.05768026600795481,0.06540223174633561
ppg,0.1856545292315489,0.2082166858990123,88.0,97.0,0.02256215666746339,0.0034289754739336153,0.003916301302175795
ppg,0.1893896632299409,0.2110886401872746,88.0,97.0,0.021698976957333693,0.0037351339983920095,0.002871954288262313
ppg,0.1931247972283329,0.2151354848661895,88.0,97.0,0.022010687637856602,0.003735133998391982,0.00404684467891489
ppg,0.1974722482756416,0.2191823295451045,88.0,97.0,0.02171008126946289,0.004347451047308715,0.0040468446789150014
ppg,0.2009012237495752,0.2244040646146722,88.0,97.0,0.02350284086509699,0.0034289754739335876,0.00522173506956769
ppg,0.2040240406990504,0.2270149321494561,88.0,97.0,0.022990891450405698,0.0031228169494751934,0.0026108675347839005
ppg,0.2080653332219008,0.2300174298144575,88.0,97.0,0.021952096592556702,0.004041292522850404,0.003002497665001408
ppg,0.2113718452860511,0.2343253612468508,88.0,97.0,0.022953515960799697,0.0033065120641503076,0.004307931432393303
ppg,0.2144334305306346,0.2378500324188091,88.0,97.0,0.023416601888174488,0.003061585244583498,0.003524671171958288
ppg,0.2170051621360849,0.2407219867070713,88.0,97.0,0.023716824570986395,0.0025717316054502948,0.0028719542882622018
ppg,0.2202504424953435,0.2448993747627254,88.0,97.0,0.024648932267381907,0.003245280359258612,0.004177388055654124
ppg,0.2221486253469853,0.2489462194416404,88.0,97.0,0.026797594094655097,0.0018981828516417831,0.004046844678914974
ppg,0.2237406496741688,0.2489462194416404,88.0,97.0,0.025205569767471597,0.0015920243271835,0.0
ppg,0.2228221741007937,0.2511654568462068,88.0,97.0,0.02834328274541309,0.0009184755733750993,0.002219237404566393
ppg,0.2183522596437017,0.2463353519068566,88.0,97.0,0.0279830922631549,0.004469914457091995,0.004830104939350183
ppg,0.2101472111882176,0.2413747035907673,88.0,97.0,0.031227492402549684,0.008205048455484087,0.0049606483160893056
ppg,0.1993704311272834,0.2301479731911967,88.0,97.0,0.03077754206391331,0.010776780060934216,0.01122673039957059
ppg,0.1859606877560073,0.2195739596753221,88.0,97.0,0.03361327191931479,0.013409743371276095,0.010574013515874614
ppg,0.1719998590407061,0.2076945123920555,88.0,97.0,0.03569465335134939,0.013960828715301188,0.011879447283266592
ppg,0.1571817864569215,0.1949012614716146,88.0,97.0,0.03771947501469311,0.01481807258378462,0.012793250920440896
ppg,0.1428535675122703,0.1817163804209562,88.0,97.0,0.0388628129086859,0.014328218944651194,0.013184881050658404
ppg,0.1306072265339359,0.170750736774864,88.0,97.0,0.040143510240928104,0.012246340978334408,0.010965643646092205
ppg,0.1198304464730017,0.1601767232589894,88.0,97.0,0.040346276785987706,0.010776780060934188,0.010574013515874586
ppg,0.111196776083276,0.1498637964965932,88.0,97.0,0.03866702041331721,0.008633670389725706,0.010312926762396202
ppg,0.1036652763816003,0.1439893445433295,88.0,97.0,0.04032406816172922,0.007531499701675701,0.005874451953263693
ppg,0.0984605814658082,0.1377232624598482,88.0,97.0,0.03926268099404,0.005204694915792091,0.006266082083481311
ppg,0.0944192889429579,0.1338069611576725,88.0,97.0,0.03938767221471459,0.004041292522850307,0.003916301302175712
ppg,0.2230671009203604,0.2549512147716433,88.0,97.0,0.0318841138512829,0.1286478119774025,0.1211442536139708
ppg,0.2124127842692095,0.2458131783998998,88.0,97.0,0.03340039413069029,0.01065431665115088,0.009138036371743485
ppg,0.2124127842692095,0.2458131783998998,88.0,97.0,0.03340039413069029,0.0,0.0
ppg,0.2124127842692095,0.2458131783998998,88.0,97.0,0.03340039413069029,0.0,0.0
ppg,0.2124127842692095,0.2458131783998998,88.0,97.0,0.03340039413069029,0.0,0.0
ppg,0.199064272602825,0.2339337311166333,88.0,97.0,0.034869458513808294,0.01334851166638451,0.011879447283266509
ppg,0.1841237366092571,0.2216626537031492,88.0,97.0,0.037538917093892094,0.0149405359935679,0.0122710774134841
ppg,0.1684484201569891,0.2080861425222731,88.0,97.0,0.039637722365283984,0.015675316452267996,0.013576511180876105
ppg,0.1523444817704794,0.1951623482250931,88.0,97.0,0.04281786645461369,0.016103938386509697,0.012923794297179991
ppg,0.1381387262356116,0.1804109466535643,88.0,97.0,0.0422722204179527,0.014205755534867803,0.014751401571528794
ppg,0.1246677511594438,0.1672260656029058,88.0,97.0,0.04255831444346199,0.013470975076167804,0.013184881050658515
ppg,0.1135848125740512,0.1567825954637704,88.0,97.0,0.043197782889719205,0.011082938585392596,0.01044347013913538
ppg,0.1042775934305171,0.1476445590920269,88.0,97.0,0.0433669656615098,0.009307219143534107,0.009138036371743513
ppg,0.0971747156630831,0.1403341299946321,88.0,97.0,0.043159414331549004,0.007102877767433999,0.007310429097394794
ppg,0.0909903134690243,0.1339375045344117,88.0,97.0,0.0429471910653874,0.006184402194058802,0.0063966254602204065
ppg,0.0867653258314989,0.1288463128415831,88.0,97.0,0.0420809870100842,0.004224987637525393,0.005091191692828595
ppg,0.0821729479646235,0.1232329476417978,88.0,97.0,0.0410599996771743,0.0045923778668753995,0.005613365199785295
ppg,0.0780091920319898,0.119969363223318,88.0,97.0,0.041960171191328194,0.004163755932633698,0.0032635844184798063
ppg,0.0751925336069729,0.1157919751676639,88.0,97.0,0.04059944156069101,0.00281665842501691,0.0041773880556540965
ppg,0.0745802165580562,0.1147476281537503,88.0,97.0,0.04016741159569409,0.0006123170489166913,0.0010443470139136074
ppg,0.0766620945243731,0.1148781715304895,88.0,97.0,0.0382160770061164,0.0020818779663168974,0.00013054337673920613
ppg,0.0811932406863568,0.1181417559489693,88.0,97.0,0.03694851526261249,0.004531146161983704,0.0032635844184797924
ppg,0.0871939477657406,0.1219275138744059,88.0,97.0,0.03473356610866529,0.006000707079383799,0.003785757925436603
ppg,0.0930721914353411,0.1283241393346264,88.0,97.0,0.03525194789928532,0.005878243669600491,0.0063966254602205175
ppg,0.1001138374978834,0.1340680479111509,88.0,97.0,0.0339542104132675,0.007041646062542303,0.005743908576524487
ppg,0.1050123738892171,0.1386370660970226,88.0,97.0,0.03362469220780549,0.0048985363913336966,0.004569018185871687
ppg,0.1091761298218508,0.1424228240224592,88.0,97.0,0.0332466942006084,0.0041637559326337115,0.003785757925436617
ppg,0.112298946771326,0.1459474951944174,88.0,97.0,0.03364854842309141,0.0031228169494751934,0.0035246711719582047
ppg,0.1140134345082929,0.1462085819478958,88.0,97.0,0.03219514743960289,0.0017144877369669048,0.0002610867534783845
ppg,0.1141358979180762,0.148427819352462,88.0,97.0,0.034291921434385794,0.00012246340978329384,0.002219237404566199
ppg,0.1152380686061263,0.1475140157152877,88.0,97.0,0.03227594710916139,0.0011021706880501025,0.0009138036371743041
ppg,0.1160953124746097,0.1493416229896364,88.0,97.0,0.0332463105150267,0.0008572438684834038,0.0018276072743487193
ppg,0.0622114121699385,0.1007794868426567,87.0,97.0,0.038568074672718194,0.0538839003046712,0.04856213614697971
ppg,0.0622114121699385,0.1007794868426567,87.0,97.0,0.038568074672718194,0.0,0.0
ppg,0.0657016193487638,0.1033903543774406,87.0,97.0,0.0376887350286768,0.003490207178825297,0.0026108675347839005
ppg,0.0709063142645559,0.1082204593167907,87.0,97.0,0.03731414505223479,0.005204694915792105,0.0048301049393500994
ppg,0.0784378139662315,0.1143559980235328,87.0,97.0,0.035918184057301294,0.0075314997016756036,0.006135538706742105
ppg,0.084316057635832,0.1194471897163613,87.0,97.0,0.0351311320805293,0.005878243669600491,0.005091191692828498
ppg,0.0897656793711908,0.1234940343952762,87.0,97.0,0.0337283550240854,0.005449621735358803,0.004046844678914904
ppg,0.0928272646157744,0.1272797923207128,87.0,97.0,0.034452527704938396,0.003061585244583595,0.003785757925436589
ppg,0.0952765328114413,0.1293684863485399,87.0,97.0,0.034091953537098596,0.002449268195666904,0.0020886940278271038
ppg,0.0966236303190581,0.1315877237531062,87.0,97.0,0.034964093434048105,0.0013470975076168012,0.00221923740456631
ppg,0.0971747156630831,0.1319793538833238,87.0,97.0,0.0348046382202407,0.0005510853440249958,0.00039163013021759063
ppg,0.0981544229413499,0.1325015273902806,87.0,97.0,0.03434710444893069,0.0009797072782668087,0.0005221735069567968
ppg,0.0991953619245083,0.1345902214181076,87.0,97.0,0.03539485949359929,0.0010409389831583932,0.0020886940278269928
ppg,0.1020732520544169,0.1368094588226739,87.0,97.0,0.03473620676825699,0.0028778901299086057,0.00221923740456631
ppg,0.1045225202500837,0.1390286962272402,87.0,97.0,0.03450617597715651,0.0024492681956667928,0.00221923740456631
ppg,0.1075228737897757,0.14229228064572,87.0,97.0,0.034769406855944304,0.0030003535396919967,0.0032635844184797924
ppg,0.1121152516566511,0.1467307554548525,87.0,97.0,0.034615503798201414,0.0045923778668753995,0.004438474809132509
ppg,0.116034080769718,0.1511692302639851,87.0,97.0,0.035135149494267104,0.003918829113066902,0.004438474809132592
ppg,0.1203815318170267,0.1556077050731177,87.0,97.0,0.035226173256090995,0.004347451047308701,0.004438474809132592
ppg,0.1252800682083605,0.1590018328683367,87.0,97.0,0.0337217646599762,0.004898536391333794,0.0033941277952189985
ppg,0.1303622997143693,0.1650068281983395,87.0,97.0,0.034644528483970205,0.005082231506008811,0.006004995330002816
ppg,0.1356894580399447,0.1708812801516032,87.0,97.0,0.0351918221116585,0.0053271583255753985,0.005874451953263693
ppg,0.1407716895459534,0.174797581453779,87.0,97.0,0.034025891907825595,0.0050822315060087,0.003916301302175795
ppg,0.1464662381008789,0.181585837044217,87.0,97.0,0.035119598943338104,0.005694548554925488,0.006788255590437997
ppg,0.151119847672646,0.1858937684766104,87.0,97.0,0.03477392080396441,0.004653609571767109,0.004307931432393414
ppg,0.1567531645226798,0.1902016999090037,87.0,97.0,0.03344853538632392,0.005633316850033793,0.004307931432393303
ppg,0.1628151033069553,0.1969899554994418,87.0,97.0,0.03417485219248648,0.006061938784275522,0.00678825559043808
ppg,0.1676524079933974,0.202603320699227,87.0,97.0,0.03495091270582962,0.004837304686442084,0.005613365199785225
ppg,0.1734081882532145,0.206650165378142,87.0,97.0,0.03324197712492749,0.0057557802598171,0.004046844678914974
ppg,0.0806421553423317,0.1116145871120097,88.0,97.0,0.030972431769677997,0.0927660329108828,0.09503557826613229
ppg,0.0806421553423317,0.1116145871120097,88.0,97.0,0.030972431769677997,0.0,0.0
ppg,0.0909903134690243,0.1231024042650587,88.0,97.0,0.0321120907960344,0.010348158126692597,0.011487817153049001
ppg,0.1010323130712584,0.1340680479111509,88.0,97.0,0.0330357348398925,0.010041999602234106,0.010965643646092205
ppg,0.111931556541976,0.1446420614270255,88.0,97.0,0.03271050488504949,0.010899243470717593,0.010574013515874586
ppg,0.111931556541976,0.1446420614270255,88.0,97.0,0.03271050488504949,0.0,0.0
ppg,0.1214837025050768,0.1552160749429001,88.0,97.0,0.0337323724378233,0.009552145963100805,0.010574013515874614
ppg,0.1309133850583943,0.1663122619657314,88.0,97.0,0.03539887690733709,0.009429682553317512,0.0110961870228313
ppg,0.1408941529557368,0.1764946453513885,88.0,97.0,0.03560049239565172,0.00998076789734248,0.010182383385657107
ppg,0.1500176769845959,0.1870686588672631,88.0,97.0,0.0370509818826672,0.009123524028859104,0.010574013515874586
ppg,0.1590799693085633,0.1950318048483539,88.0,97.0,0.03595183553979059,0.009062292323967408,0.007963145981090797
ppg,0.1684484201569891,0.2048225581037933,88.0,97.0,0.03637413794680419,0.009368450848425802,0.009790753255439405
ppg,0.1764697734977982,0.2127857040848841,88.0,97.0,0.036315930587085904,0.008021353340809084,0.007963145981090797
ppg,0.1846748219532822,0.2210099368194532,88.0,97.0,0.036335114866171,0.008205048455484004,0.008224232734569098
ppg,0.1912878460815827,0.2294952563075007,88.0,97.0,0.038207410225918004,0.006613024128300504,0.00848531948804751
ppg,0.1970436263413999,0.2347169913770684,88.0,97.0,0.03767336503566848,0.005755780259817211,0.00522173506956769
ppg,0.2016360042082753,0.2400692698233753,88.0,97.0,0.03843326561509999,0.004592377866875386,0.005352278446306896
ppg,0.2068406991240674,0.2443772012557687,88.0,97.0,0.03753650213170129,0.0052046949157921185,0.004307931432393414
ppg,0.2118616989251844,0.2503821965857716,88.0,97.0,0.03852049766058721,0.0050209998011169765,0.006004995330002899
ppg,0.2155356012186847,0.2532541508740338,88.0,97.0,0.0377185496553491,0.003673902293500314,0.0028719542882622018
ppg,0.2191482718072934,0.2565177352925136,88.0,97.0,0.03736946348522019,0.003612670588608702,0.0032635844184797924
ppg,0.2220873936420936,0.2595202329575151,88.0,97.0,0.03743283931542149,0.00293912183480019,0.003002497665001491
ppg,0.2258225276404856,0.2640892511433868,88.0,97.0,0.03826672350290122,0.0037351339983920095,0.004569018185871743
ppg,0.2277819421970191,0.2643503378968652,88.0,97.0,0.036568395699846074,0.0019594145565335064,0.00026108675347835675
ppg,0.2309047591464944,0.268266639199041,88.0,97.0,0.03736188005254659,0.0031228169494752767,0.003916301302175795
ppg,0.2335377224568363,0.2707469633570856,88.0,97.0,0.037209240900249296,0.002632963310341907,0.002480324158044611
ppg,0.2358645272427198,0.2727051140081735,88.0,97.0,0.03684058676545368,0.002326804785883513,0.0019581506510878977
ppg,0.1022569471690919,0.1287157694648439,88.0,97.0,0.026458822295752,0.1336075800736279,0.1439893445433296
ppg,0.1069717884457506,0.1334153310274549,88.0,97.0,0.026443542581704296,0.004714841276658707,0.004699561562611004
ppg,0.1118090931321927,0.1385065227202834,88.0,97.0,0.02669742958809071,0.004837304686442098,0.005091191692828512
ppg,0.2427224781905871,0.277796305701002,88.0,97.0,0.03507382751041491,0.1309133850583944,0.1392897829807186
ppg,0.2435184903541788,0.278449022584698,88.0,97.0,0.0349305322305192,0.0007960121635917083,0.0006527168836960029
ppg,0.2430898684199371,0.2770130454405669,88.0,97.0,0.033923177020629774,0.0004286219342417019,0.0014359771441311286
ppg,0.1296275192556692,0.1550855315661609,87.0,97.0,0.02545801231049169,0.1134623491642679,0.12192751387440598
ppg,0.1296275192556692,0.1550855315661609,87.0,97.0,0.02545801231049169,0.0,0.0
ppg,0.1340362020078696,0.1590018328683367,87.0,97.0,0.024965630860467103,0.004408682752200382,0.003916301302175795
ppg,0.1380774945307199,0.1642235679379044,87.0,97.0,0.0261460734071845,0.0040412925228503205,0.005221735069567718
ppg,0.1418738602340035,0.1676176957331234,87.0,97.0,0.025743835499119905,0.003796365703283594,0.0033941277952189985
ppg,0.1454865308226122,0.170750736774864,87.0,97.0,0.02526420595225179,0.003612670588608702,0.0031330410417405863
ppg,0.1479970307231707,0.1742754079468222,87.0,97.0,0.026278377223651506,0.0025104999005584883,0.0035246711719582047
ppg,0.1504462989188376,0.1742754079468222,87.0,97.0,0.023829109027984602,0.002449268195666904,0.0
ppg,0.1531404939340712,0.1753197549607358,87.0,97.0,0.022179261026664593,0.0026941950152336025,0.0010443470139135935
ppg,0.1540589695074462,0.177538992365302,87.0,97.0,0.023480022857855803,0.0009184755733749883,0.002219237404566199
ppg,0.1565694694080048,0.178844426132694,87.0,97.0,0.022274956724689182,0.002510499900558627,0.0013054337673920058
ppg,0.1590187376036717,0.1810636635372602,87.0,97.0,0.022044925933588505,0.002449268195666876,0.002219237404566199
ppg,0.1608556887504218,0.1817163804209562,87.0,97.0,0.020860691670534393,0.0018369511467501154,0.0006527168836960029
ppg,0.1624477130776053,0.1857632250998712,87.0,97.0,0.023315512022265894,0.0015920243271835,0.0040468446789150014
ppg,0.1645295910439221,0.1878519191276983,87.0,97.0,0.02332232808377621,0.0020818779663167863,0.0020886940278271038
ppg,0.1661216153711056,0.1888962661416118,87.0,97.0,0.022774650770506222,0.0015920243271835,0.0010443470139135103
ppg,0.1688158103863392,0.1921598505600916,87.0,97.0,0.02334404017375241,0.0026941950152336025,0.0032635844184797924
ppg,0.1704078347135226,0.1954234349785714,87.0,97.0,0.025015600265048787,0.0015920243271834167,0.0032635844184797924
ppg,0.1709589200575477,0.195815065108789,87.0,97.0,0.024856145051241285,0.0005510853440250929,0.00039163013021759063
ppg,0.1696730542548226,0.1969899554994418,87.0,97.0,0.02731690124461919,0.0012858658027251058,0.0011748903906527997
ppg,0.1667339324200223,0.1952928916018322,87.0,97.0,0.028558959181809895,0.002939121834800301,0.0016970638976095964
ppg,0.1592636644232384,0.1903322432857429,87.0,97.0,0.031068578862504526,0.007470267996783908,0.004960648316089278
ppg,0.1492216648210042,0.180933120160521,87.0,97.0,0.031711455339516775,0.010041999602234175,0.009399123125221925
ppg,0.1367303970231031,0.1721867139189951,87.0,97.0,0.03545631689589199,0.012491267797901107,0.008746406241525895
ppg,0.1243615926349854,0.1610905268961637,87.0,97.0,0.036728934261178306,0.012368804388117702,0.011096187022831383
ppg,0.111747861427301,0.1510386868872459,87.0,97.0,0.03929082545994489,0.0126137312076844,0.010051840008917817
ppg,0.099807678973425,0.1413784770085457,87.0,97.0,0.04157079803512069,0.011940182453876,0.009660209878700199
ppg,0.0905004598298909,0.1326320707670197,87.0,97.0,0.04213161093712879,0.009307219143534107,0.008746406241526006
ppg,0.147201018559579,0.1728394308026911,87.0,97.0,0.025638412243112085,0.056700558729688114,0.04020736003567141
ppg,0.1476296404938207,0.1737532344398654,87.0,97.0,0.026123593946044688,0.0004286219342417019,0.0009138036371743041
ppg,0.147017323444904,0.1737532344398654,87.0,97.0,0.026735910994961393,0.0006123170489167051,0.0
ppg,0.1454252991177205,0.1725783440492127,87.0,97.0,0.027153044931492204,0.0015920243271835,0.0011748903906526886
ppg,0.139730750562795,0.1677482391098625,87.0,97.0,0.02801748854706751,0.005694548554925516,0.0048301049393502105
ppg,0.1293825924361025,0.1608294401426853,87.0,97.0,0.03144684770658279,0.010348158126692486,0.006918798967177203
ppg,0.1173199465724432,0.1489499928594188,87.0,97.0,0.03163004628697559,0.012062645863659308,0.011879447283266509
ppg,0.1021957154642002,0.1366789154459347,87.0,97.0,0.03448319998173449,0.015124231108243,0.0122710774134841
ppg,0.0849896063896404,0.120622080107014,87.0,97.0,0.0356324737173736,0.0172061090745598,0.01605683533892069
ppg,0.0849896063896404,0.120622080107014,87.0,97.0,0.0356324737173736,0.0,0.0
ppg,0.0689468997080224,0.1061317652889636,87.0,97.0,0.03718486558094121,0.016042706681618002,0.014490314818050395
ppg,0.0530266564361877,0.0925552541080876,87.0,97.0,0.039528597671899895,0.015920243271834694,0.013576511180876008
ppg,0.0394332179502366,0.0789787429272115,87.0,97.0,0.03954552497697491,0.013593438485951105,0.013576511180876091
ppg,0.0285952061844107,0.0685352727880761,87.0,97.0,0.0399400666036654,0.010838011765825897,0.010443470139135408
ppg,0.0200227674995766,0.0605721268069854,87.0,97.0,0.0405493593074088,0.0085724386848341,0.0079631459810907
ppg,0.0143894506495428,0.0545671314769825,87.0,97.0,0.0401776808274397,0.0056333168500338,0.006004995330002899
ppg,0.0104093898315841,0.0505202867980675,87.0,97.0,0.0401108969664834,0.0039800608179587,0.0040468446789150014
ppg,0.0073478045870005,0.046081811988935,87.0,97.0,0.0387340074019345,0.0030615852445836002,0.004438474809132502
ppg,0.0045311461619837,0.0417738805565416,87.0,97.0,0.0372427343945579,0.0028166584250168,0.0043079314323934
ppg,0.0020818779663168,0.0402073600356713,87.0,97.0,0.0381254820693545,0.0024492681956669,0.0015665205208703
ppg,0.00036739022935,0.037335405747409,87.0,97.0,0.036968015518059,0.0017144877369667999,0.002871954288262299
ppg,0.0008572438684834,0.0351161683428428,87.0,97.0,0.0342589244743594,0.0004898536391334,0.002219237404566199
ppg,0.0038575974081753,0.0364216021102347,87.0,97.0,0.032564004702059404,0.0030003535396919,0.0013054337673919017
ppg,0.008756133799509,0.0399462732821929,87.0,97.0,0.0311901394826839,0.0048985363913337,0.0035246711719581977
ppg,0.0146343774691095,0.0442542047145862,87.0,97.0,0.029619827245476703,0.0058782436696005,0.004307931432393303
ppg,0.0210024747778433,0.0510424603050243,87.0,97.0,0.030039985527181002,0.0063680973087338,0.006788255590438101
ppg,0.0254111575300437,0.0536533278398081,87.0,97.0,0.0282421703097644,0.0044086827522004,0.0026108675347837965
ppg,0.0398618398844783,0.0827645008526481,87.0,97.0,0.042902660968169797,0.0144506823544346,0.029111173012839997
ppg,0.0390658277208866,0.0822423273456913,87.0,97.0,0.0431764996248047,0.0007960121635917014,0.0005221735069567968
ppg,0.0385147423768615,0.0804147200713426,87.0,97.0,0.041899977694481096,0.0005510853440250998,0.0018276072743487054
ppg,0.0396169130649116,0.0815896104619954,87.0,97.0,0.04197269739708379,0.0011021706880501025,0.0011748903906527997
ppg,0.0409640105725284,0.0822423273456913,87.0,97.0,0.0412783167731629,0.0013470975076168012,0.0006527168836959057
ppg,0.0439643641122203,0.0842004779967792,87.0,97.0,0.040236113884558895,0.0030003535396918996,0.0019581506510878977
ppg,0.0484342785693123,0.0894222130663469,87.0,97.0,0.0409879344970346,0.004469914457092002,0.005221735069567704
ppg,0.0550473026976129,0.095557751773089,87.0,97.0,0.04051044907547611,0.0066130241283005944,0.006135538706742105
ppg,0.0622726438748302,0.1018238338565702,87.0,97.0,0.03955118998174001,0.0072253411772173,0.0062660820834812
ppg,0.0622726438748302,0.1018238338565702,87.0,97.0,0.03955118998174001,0.0,0.0
ppg,0.0705389240352059,0.1087426328237475,87.0,97.0,0.03820370878854161,0.0082662801603757,0.0069187989671773
ppg,0.0792338261298233,0.1156614317909247,87.0,97.0,0.0364276056611014,0.008694902094617402,0.006918798967177189
ppg,0.0868877892412822,0.1229718608883195,87.0,97.0,0.03608407164703731,0.007653963111458897,0.007310429097394808
ppg,0.092153715861966,0.1272797923207128,87.0,97.0,0.0351260764587468,0.0052659266206838,0.004307931432393289
ppg,0.0961950083848164,0.1330237008972373,87.0,97.0,0.03682869251242091,0.004041292522850404,0.005743908576524515
ppg,0.0991341302196166,0.1349818515483252,87.0,97.0,0.0358477213287086,0.002939121834800204,0.0019581506510878977
ppg,0.1002363009076667,0.1364178286924563,87.0,97.0,0.0361815277847896,0.0011021706880501025,0.0014359771441311009
ppg,0.1009098496614751,0.1378538058365874,87.0,97.0,0.0369439561751123,0.0006735487538084006,0.0014359771441311009
ppg,0.1008486179565834,0.1360261985622387,87.0,97.0,0.03517758060565529,6.123170489170937e-05,0.0018276072743487193
ppg,0.1007873862516918,0.1372010889528915,87.0,97.0,0.03641370270119969,6.123170489159835e-05,0.0011748903906527997
ppg,0.1006649228419084,0.1377232624598482,87.0,97.0,0.037058339617939806,0.00012246340978340486,0.0005221735069567135
ppg,0.1017058618250668,0.1381148925900658,87.0,97.0,0.03640903076499899,0.001040938983158407,0.00039163013021759063
ppg,0.1024406422837669,0.1385065227202834,87.0,97.0,0.03606588043651651,0.0007347804587000961,0.0003916301302176184
ppg,0.103910203201167,0.1415090203852848,87.0,97.0,0.03759881718411778,0.001469560917400109,0.00300249766500138
ppg,0.1059920811674839,0.1421617372689808,87.0,97.0,0.03616965610149689,0.0020818779663168974,0.0006527168836960029
ppg,0.1081351908386924,0.1443809746735471,87.0,97.0,0.0362457838348547,0.0021431096712084957,0.00221923740456631
ppg,0.1111355443783843,0.1480361892222445,87.0,97.0,0.036900644843860214,0.0030003535396918996,0.003655214548697411
ppg,0.1138909710985095,0.1507776001337675,87.0,97.0,0.03688662903525801,0.002755426720125201,0.0027414109115229957
ppg,0.1173811782773348,0.1543022713057257,87.0,97.0,0.03692109302839092,0.003490207178825297,0.0035246711719582047
ppg,0.1213000073904018,0.157174225593988,87.0,97.0,0.0358742182035862,0.003918829113066999,0.002871954288262285
ppg,0.1246065194545521,0.1604378100124678,87.0,97.0,0.03583129055791569,0.0033065120641503076,0.0032635844184797924
ppg,0.1282191900431608,0.1642235679379044,87.0,97.0,0.03600437789474362,0.003612670588608688,0.003785757925436617
ppg,0.1310358484681777,0.1652679149518179,87.0,97.0,0.03423206648364019,0.00281665842501691,0.0010443470139134825
ppg,0.0675998022004056,0.0889000395593902,87.0,97.0,0.021300237358984606,0.0634360462677721,0.07636787539242769
ppg,0.0710287776743392,0.0920330806011308,87.0,97.0,0.021004302926791604,0.0034289754739336015,0.0031330410417406
ppg,0.0745802165580562,0.096210468656785,87.0,97.0,0.02163025209872879,0.0035514388837170063,0.004177388055654194
ppg,0.0788664359004732,0.0997351398287432,87.0,97.0,0.020868703928270005,0.004286219342416991,0.0035246711719582047
ppg,0.0833363503575653,0.1035208977541797,87.0,97.0,0.020184547396614405,0.004469914457092106,0.003785757925436506
ppg,0.088234886748899,0.1082204593167907,87.0,97.0,0.0199855725678917,0.0048985363913336966,0.0046995615626109905
ppg,0.0933171182549078,0.11318110763288,87.0,97.0,0.019863989377972208,0.005082231506008797,0.0049606483160893056
ppg,0.0992565936294,0.1187944728326653,87.0,97.0,0.0195378792032653,0.005939475374492201,0.005613365199785295
ppg,0.1047062153647587,0.1247994681626682,87.0,97.0,0.020093252797909494,0.005449621735358706,0.006004995330002899
ppg,0.1101558371001176,0.1292379429718007,87.0,97.0,0.01908210587168309,0.0054496217353589005,0.004438474809132495
ppg,0.1101558371001176,0.1292379429718007,87.0,97.0,0.01908210587168309,0.0,0.0
ppg,0.1160953124746097,0.1356345684320212,87.0,97.0,0.019539255957411503,0.005939475374492104,0.0063966254602205175
ppg,0.1209326171610518,0.1396814131109361,87.0,97.0,0.018748795949884295,0.004837304686442098,0.00404684467891489
ppg,0.1269945559453273,0.1449031481805038,87.0,97.0,0.01790859223517649,0.006061938784275495,0.00522173506956769
ppg,0.131158311877961,0.1485583627292012,87.0,97.0,0.01740005085124019,0.0041637559326337115,0.003655214548697411
ppg,0.1363630067937531,0.1533884676685514,87.0,97.0,0.01702546087479831,0.005204694915792091,0.0048301049393502105
ppg,0.1394858237432284,0.1563909653335528,87.0,97.0,0.016905141590324385,0.0031228169494753044,0.00300249766500138
ppg,0.1442006650198871,0.1606988967659462,87.0,97.0,0.016498231746059105,0.004714841276658693,0.004307931432393414
ppg,0.1486705794769791,0.1672260656029058,87.0,97.0,0.018555486125926696,0.004469914457091995,0.006527168836959585
ppg,0.1531404939340712,0.1691842162539937,87.0,97.0,0.016043722319922515,0.004469914457092106,0.0019581506510879254
ppg,0.1575491766862715,0.174797581453779,87.0,97.0,0.017248404767507497,0.004408682752200299,0.005613365199785281
ppg,0.1622027862580386,0.1792360562629115,87.0,97.0,0.017033270004872897,0.004653609571767109,0.004438474809132509
ppg,0.1652031397977305,0.1832829009418265,87.0,97.0,0.018079761144096013,0.0030003535396918857,0.0040468446789150014
ppg,0.1693056640254726,0.1871992022440023,87.0,97.0,0.01789353821852971,0.004102524227742099,0.003916301302175795
ppg,0.1731632614336478,0.1905933300392213,87.0,97.0,0.0174300686055735,0.0038575974081752062,0.0033941277952189985
ppg,0.1771433222516065,0.1943790879646579,87.0,97.0,0.017235765713051382,0.003980060817958708,0.003785757925436589
ppg,0.1804498343157568,0.1976426723831377,87.0,97.0,0.017192838067380894,0.0033065120641503076,0.00326358441847982
ppg,0.1843686634288238,0.2028644074527054,87.0,97.0,0.0184957440238816,0.003918829113066985,0.00522173506956769
ppg,0.1674687128787224,0.1925514806903092,87.0,97.0,0.025082767811586804,0.016899950550101406,0.010312926762396202
ppg,0.170162907893956,0.1946401747181363,87.0,97.0,0.024477266824180305,0.0026941950152336025,0.0020886940278271038
ppg,0.1738368101874562,0.1984259326435729,87.0,97.0,0.02458912245611669,0.003673902293500203,0.003785757925436589
ppg,0.1761023832684481,0.2007757134248783,87.0,97.0,0.024673330156430195,0.0022655730809919006,0.002349780781305405
ppg,0.17873534657879,0.2019506038155311,87.0,97.0,0.023215257236741088,0.002632963310341907,0.0011748903906527997
ppg,0.1810621513646735,0.2033865809596622,87.0,97.0,0.022324429594988704,0.002326804785883485,0.0014359771441311009
ppg,0.1828991025114237,0.2041698412200973,87.0,97.0,0.021270738708673603,0.0018369511467501987,0.000783260260435098
ppg,0.1854096024119822,0.2076945123920555,87.0,97.0,0.022284909980073292,0.002510499900558516,0.0035246711719582047
ppg,0.1872465535587324,0.2080861425222731,87.0,97.0,0.020839588963540684,0.0018369511467501987,0.00039163013021759063
ppg,0.1890835047054825,0.2095221196664042,87.0,97.0,0.020438614960921697,0.0018369511467500876,0.0014359771441311009
ppg,0.1890835047054825,0.2095221196664042,87.0,97.0,0.020438614960921697,0.0,0.0
ppg,0.1909816875571243,0.2109580968105354,87.0,97.0,0.019976409253411098,0.0018981828516418109,0.001435977144131212
ppg,0.1928186387038745,0.2125246173314057,87.0,97.0,0.019705978627531207,0.0018369511467501987,0.001566520520870307
ppg,0.1941045045065997,0.2133078775918408,87.0,97.0,0.019203373085241116,0.001285865802725189,0.000783260260435098
ppg,0.1948392849652997,0.2135689643453192,87.0,97.0,0.018729679380019487,0.0007347804587000129,0.0002610867534783845
ppg,0.1961863824729165,0.214743854735972,87.0,97.0,0.018557472263055486,0.0013470975076168012,0.0011748903906527997
ppg,0.1966762361120498,0.2159187451266247,87.0,97.0,0.019242509014574916,0.0004898536391332864,0.0011748903906527164
ppg,0.1972273214560749,0.2163103752568423,87.0,97.0,0.019083053800767386,0.0005510853440251207,0.00039163013021759063
ppg,0.1972273214560749,0.2178768957777126,87.0,97.0,0.020649574321637693,0.0,0.001566520520870307
ppg,0.1969211629316165,0.2177463524009734,87.0,97.0,0.02082518946935691,0.00030615852445842195,0.00013054337673920613
ppg,0.1941045045065997,0.2143522246057544,87.0,97.0,0.02024772009915471,0.002816658425016799,0.0033941277952189985
ppg,0.1880425657223241,0.2101748365501002,87.0,97.0,0.02213227082777608,0.006061938784275578,0.0041773880556542076
ppg,0.179286431922815,0.2019506038155311,87.0,97.0,0.022664171892716106,0.008756133799509125,0.008224232734569098
ppg,0.1655092983221889,0.1915071336763956,87.0,97.0,0.02599783535420669,0.013777133600626074,0.010443470139135491
ppg,0.1498952135748125,0.1783222526257372,87.0,97.0,0.028427039050924696,0.015614084747376411,0.013184881050658404
ppg,0.1339749703029779,0.1648762848216003,87.0,97.0,0.030901314518622408,0.01592024327183461,0.013445967804136899
ppg,0.1170750197528765,0.1492110796128972,87.0,97.0,0.0321360598600207,0.016899950550101392,0.015665205208703098
ppg,0.1022569471690919,0.1361567419389779,87.0,97.0,0.033899794769886,0.014818072583784606,0.013054337673919308
ppg,0.1811846147744568,0.2023422339457486,88.0,97.0,0.021157619171291803,0.0789276676053649,0.06618549200677071
ppg,0.1815520050038069,0.2029949508294446,88.0,97.0,0.021442945825637716,0.0003673902293500897,0.0006527168836960029
ppg,0.0672936436759473,0.1026070941170054,87.0,97.0,0.0353134504410581,0.11425836132785959,0.1003878567124392
ppg,0.0589661318106799,0.0950355782661322,87.0,97.0,0.03606944645545229,0.008327511865267395,0.007571515850873206
ppg,0.0532715832557544,0.0878556925454766,87.0,97.0,0.03458410928972219,0.005694548554925502,0.007179885720655602
ppg,0.1557122255395214,0.1834134443185657,88.0,97.0,0.0277012187790443,0.10244064228376701,0.09555775177308912
ppg,0.1418126285291119,0.1703591066446464,88.0,97.0,0.028546478115534513,0.01389959701040952,0.013054337673919308
ppg,0.1251576047985772,0.1578269424776839,88.0,97.0,0.03266933767910668,0.01665502373053468,0.012532164166962512
ppg,0.1096659834609842,0.14229228064572,88.0,97.0,0.032626297184735795,0.015491621337593006,0.015534661831963892
ppg,0.0957663864505747,0.130804463492671,88.0,97.0,0.0350380770420963,0.013899597010409506,0.011487817153049001
ppg,0.0825403381939736,0.1198388198465788,88.0,97.0,0.0372984816526052,0.013226048256601092,0.01096564364609219
ppg,0.0713349361987976,0.1087426328237475,88.0,97.0,0.0374076966249499,0.011205401995176001,0.0110961870228313
ppg,0.0622726438748302,0.0997351398287432,88.0,97.0,0.037462495953913,0.009062292323967408,0.009007492995004307
ppg,0.0554759246318546,0.0929468842383052,88.0,97.0,0.0374709596064506,0.006796719242975598,0.006788255590437997
ppg,0.0509447784698709,0.0874640624152591,88.0,97.0,0.0365192839453882,0.004531146161983697,0.005482821823046102
ppg,0.0473933395861539,0.0835477611130833,88.0,97.0,0.0361544215269294,0.0035514388837169994,0.003916301302175795
ppg,0.0437194372926536,0.0796314598109075,88.0,97.0,0.03591202251825389,0.0036739022935003,0.003916301302175809
ppg,0.0413926325067701,0.0762373320156885,88.0,97.0,0.0348446995089184,0.002326804785883506,0.0033941277952189985
ppg,0.0390045960159949,0.0744097247413398,88.0,97.0,0.0354051287253449,0.0023880364907751944,0.0018276072743486915
ppg,0.0390045960159949,0.0744097247413398,88.0,97.0,0.0354051287253449,0.0,0.0
ppg,0.0375962668034864,0.069840706555468,88.0,97.0,0.032244439751981595,0.0014083292125085037,0.004569018185871812
ppg,0.0375962668034864,0.069840706555468,88.0,97.0,0.032244439751981595,0.0,0.0
ppg,0.0375962668034864,0.069840706555468,88.0,97.0,0.032244439751981595,0.0,0.0
ppg,0.0381473521475115,0.0699712499322072,88.0,97.0,0.0318238977846957,0.0005510853440250998,0.00013054337673920613
ppg,0.0414538642116618,0.0720599439600343,88.0,97.0,0.030606079748372504,0.0033065120641503007,0.0020886940278271038
ppg,0.0462299371932122,0.0757151585087317,88.0,97.0,0.0294852213155195,0.004776072981550403,0.003655214548697397
ppg,0.0533940466655378,0.0814590670852562,88.0,97.0,0.028065020419718402,0.007164109472325597,0.005743908576524501
ppg,0.059884607384055,0.0877251491687374,88.0,97.0,0.0278405417846824,0.0064905607185172035,0.0062660820834812
ppg,0.0664976315123555,0.0925552541080876,88.0,97.0,0.02605762259573209,0.006613024128300504,0.004830104939350197
ppg,0.0728657288210894,0.0988213361915688,88.0,97.0,0.025955607370479403,0.006368097308733889,0.0062660820834812
ppg,0.0766620945243731,0.1027376374937446,88.0,97.0,0.026075542969371493,0.003796365703283705,0.003916301302175795
ppg,0.0791113627200399,0.1054790484052677,88.0,97.0,0.026367685685227807,0.0024492681956667928,0.0027414109115231067
ppg,0.0806421553423317,0.1052179616517893,88.0,97.0,0.024575806309457604,0.0015307926222918045,0.0002610867534783984
ppg,0.029085059823544,0.0660549486300314,88.0,97.0,0.036969888806487404,0.0515570955187877,0.0391630130217579
ppg,0.0261459379887438,0.0608332135604637,88.0,97.0,0.0346872755717199,0.0029391218348002006,0.005221735069567704
ppg,0.0250437673006937,0.0587445195326366,88.0,97.0,0.033700752231942896,0.001102170688050099,0.0020886940278271038
ppg,0.0266357916278772,0.0587445195326366,88.0,97.0,0.032108727904759396,0.0015920243271835,0.0
ppg,0.029085059823544,0.0583528894024191,88.0,97.0,0.029267829578875103,0.0024492681956667997,0.0003916301302174935
ppg,0.0317180231338859,0.0605721268069854,88.0,97.0,0.0288541036730995,0.0026329633103419,0.002219237404566296
ppg,0.0349020717882529,0.0616164738208989,88.0,97.0,0.026714402032646002,0.003184048654367,0.0010443470139135033
ppg,0.0377187302132698,0.0633135377185084,88.0,97.0,0.025594807505238598,0.0028166584250168963,0.0016970638976094923
ppg,0.0390658277208866,0.063705167848726,88.0,97.0,0.0246393401278394,0.0013470975076168012,0.0003916301302176045
ppg,0.0388209009013199,0.0646189714859003,88.0,97.0,0.025798070584580404,0.0002449268195666987,0.0009138036371743041
ppg,0.0392495228355616,0.0633135377185084,88.0,97.0,0.024064014882946794,0.0004286219342417019,0.0013054337673919086
ppg,0.0392495228355616,0.0635746244719868,88.0,97.0,0.024325101636425192,0.0,0.0002610867534783984
ppg,0.0388209009013199,0.0626608208348124,88.0,97.0,0.023839919933492507,0.0004286219342417019,0.0009138036371743874
ppg,0.0394944496551283,0.0635746244719868,88.0,97.0,0.024080174816858493,0.0006735487538084006,0.0009138036371743874
ppg,0.0413926325067701,0.0647495148626395,88.0,97.0,0.0233568823558694,0.001898182851641797,0.0011748903906527025
ppg,0.0446379128660287,0.0686658161648153,88.0,97.0,0.024027903298786603,0.003245280359258605,0.003916301302175809
ppg,0.0496589126671458,0.073887551234383,88.0,97.0,0.02422863856723719,0.005020999801117101,0.00522173506956769
ppg,0.055598388041638,0.0792398296806899,88.0,97.0,0.023641441639051908,0.005939475374492194,0.00535227844630691
ppg,0.055598388041638,0.0792398296806899,88.0,97.0,0.023641441639051908,0.0,0.0
ppg,0.0622726438748302,0.0869418889083023,88.0,97.0,0.024669245033472106,0.0066742558331922,0.007702059227612398
ppg,0.0708450825596642,0.0963410120335241,88.0,97.0,0.02549592947385991,0.008572438684833997,0.0093991231252218
ppg,0.0791725944249316,0.1028681808704838,88.0,97.0,0.023695586445552197,0.008327511865267409,0.006527168836959696
ppg,0.0886022769782491,0.1140949112700544,88.0,97.0,0.025492634291805302,0.009429682553317498,0.011226730399570603
ppg,0.0981544229413499,0.1234940343952762,88.0,97.0,0.025339611453926297,0.009552145963100805,0.0093991231252218
ppg,0.1081964225435841,0.1332847876507157,88.0,97.0,0.025088365107131597,0.010041999602234189,0.009790753255439488
ppg,0.1184221172604932,0.1447726048037647,88.0,97.0,0.02635048754327149,0.010225694716909109,0.011487817153049001
ppg,0.1278517998138107,0.1557382484498568,88.0,97.0,0.027886448636046085,0.009429682553317498,0.010965643646092094
ppg,0.1377101043013699,0.1655290017052963,88.0,97.0,0.0278188974039264,0.0098583044875592,0.009790753255439516
ppg,0.0560882416807713,0.0836783044898225,88.0,97.0,0.0275900628090512,0.0816218626205986,0.0818506972154738
ppg,0.0585375098764382,0.0875946057919983,88.0,97.0,0.029057095915560105,0.002449268195666904,0.003916301302175809
ppg,0.0622114121699385,0.0895527564430861,88.0,97.0,0.027341344273147605,0.0036739022935003,0.0019581506510878005
ppg,0.0654566925291971,0.0932079709917835,88.0,97.0,0.027751278462586404,0.0032452803592585983,0.003655214548697397
ppg,0.0703552289205309,0.0980380759311337,88.0,97.0,0.027682847010602807,0.004898536391333794,0.004830104939350197
ppg,0.075743618950998,0.1033903543774406,88.0,97.0,0.027646735426442595,0.005388390030467108,0.005352278446306896
ppg,0.0815606309157068,0.1090037195772259,88.0,97.0,0.027443088661519108,0.005817011964708796,0.0056133651997853085
ppg,0.087500106290199,0.1152698016607071,88.0,97.0,0.027769695370508107,0.005939475374492201,0.0062660820834812
ppg,0.0945417523527412,0.1219275138744059,89.0,97.0,0.027385761521664692,0.007041646062542206,0.006657712213698791
ppg,0.1016446301201752,0.1305433767391926,89.0,97.0,0.02889874661901741,0.007102877767433999,0.008615862864786716
ppg,0.1090536664120674,0.1381148925900658,89.0,97.0,0.02906122617799839,0.007409036291892199,0.007571515850873178
ppg,0.115666690540368,0.1439893445433295,89.0,97.0,0.02832265400296151,0.006613024128300601,0.005874451953263721
ppg,0.1222797146686686,0.1501248832500716,89.0,97.0,0.027845168581402985,0.006613024128300601,0.0061355387067420775
ppg,0.1285253485676191,0.157174225593988,89.0,97.0,0.028648877026368896,0.006245633898950498,0.007049342343916409
ppg,0.1342811288274362,0.1630486775472516,89.0,97.0,0.028767548719815406,0.0057557802598171,0.00587445195326361
ppg,0.1397919822676867,0.1693147596307329,89.0,97.0,0.029522777363046204,0.005510853440250485,0.006266082083481284
ppg,0.1451803722981538,0.1746670380770398,89.0,97.0,0.02948666577888598,0.005388390030467122,0.005352278446306896
ppg,0.1509973842628627,0.1798887731466075,89.0,97.0,0.028891388883744817,0.005817011964708879,0.005221735069567718
ppg,0.1566919328177881,0.1861548552300888,89.0,97.0,0.029462922412300696,0.005694548554925405,0.006266082083481284
ppg,0.1614680057993385,0.1904627866624821,89.0,97.0,0.028994780863143582,0.004776072981550417,0.004307931432393303
ppg,0.167162554354264,0.1968594121227025,89.0,97.0,0.0296968577684385,0.005694548554925488,0.0063966254602204065
ppg,0.1713263102868977,0.2023422339457486,89.0,97.0,0.03101592365885089,0.0041637559326337115,0.005482821823046102
ppg,0.1757962247439897,0.2070417955083596,89.0,97.0,0.0312455707643699,0.004469914457091995,0.004699561562611004
ppg,0.1800212123815151,0.2099137497966218,89.0,97.0,0.029892537415106696,0.004224987637525407,0.0028719542882622018
ppg,0.1842462000190405,0.2150049414894503,89.0,97.0,0.0307587414704098,0.004224987637525379,0.005091191692828484
ppg,0.1842462000190405,0.2150049414894503,89.0,97.0,0.0307587414704098,0.0,0.0
ppg,0.1882874925418908,0.2170936355172774,89.0,97.0,0.028806142975386584,0.0040412925228503205,0.0020886940278271038
ppg,0.1915327729011494,0.2221848272101059,89.0,97.0,0.03065205430895651,0.0032452803592585844,0.005091191692828512
ppg,0.1955740654239998,0.2246651513681506,89.0,97.0,0.029091085944150802,0.004041292522850404,0.0024803241580446944
ppg,0.1979008702098833,0.2259705851355425,89.0,97.0,0.028069714925659184,0.002326804785883513,0.0013054337673918948
ppg,0.1997378213566334,0.2285814526703264,89.0,97.0,0.028843631313692997,0.0018369511467500876,0.0026108675347839005
ppg,0.2010236871593585,0.2294952563075007,89.0,97.0,0.028471569148142195,0.0012858658027251058,0.0009138036371743041
ppg,0.2028606383061087,0.2323672105957629,89.0,97.0,0.029506572289654198,0.0018369511467501987,0.0028719542882622018
ppg,0.1762248466782315,0.2109580968105354,89.0,97.0,0.03473325013230391,0.026635791627877214,0.0214091137852275
ppg,0.1772657856613899,0.2113497269407529,89.0,97.0,0.03408394127936301,0.001040938983158407,0.00039163013021750737
ppg,0.17910273680814,0.2133078775918408,89.0,97.0,0.034205140783700794,0.0018369511467501154,0.0019581506510878977
ppg,0.1816132367086985,0.2142216812290152,89.0,97.0,0.03260844452031669,0.0025104999005584883,0.0009138036371743874
ppg,0.1838175780847988,0.2165714620103206,89.0,97.0,0.03275388392552181,0.0022043413761002884,0.002349780781305405
ppg,0.1859606877560073,0.2190517861683653,89.0,97.0,0.033091098412357994,0.0021431096712085096,0.0024803241580446944
ppg,0.1874302486734074,0.2199655898055397,89.0,97.0,0.0325353411321323,0.001469560917400109,0.0009138036371744152
ppg,0.1893284315250492,0.2229680874705411,89.0,97.0,0.0336396559454919,0.0018981828516417831,0.00300249766500138
ppg,0.1911041509669077,0.224273521237933,89.0,97.0,0.03316937027102532,0.0017757194418585032,0.0013054337673919225
ppg,0.1918389314256078,0.2261011285122817,89.0,97.0,0.03426219708667391,0.0007347804587000961,0.0018276072743486915
ppg,0.1925737118843078,0.2267538453959777,89.0,97.0,0.0341801335116699,0.0007347804587000129,0.0006527168836960029
ppg,0.1926961752940912,0.2261011285122817,89.0,97.0,0.03340495321819051,0.00012246340978339099,0.0006527168836960029
ppg,0.1930635655234412,0.2274065622796736,89.0,97.0,0.0343429967562324,0.0003673902293500064,0.0013054337673918948
ppg,0.1928798704087662,0.2268843887727169,89.0,97.0,0.034004518363950714,0.0001836951146750032,0.0005221735069566857
ppg,0.1900632119837493,0.2254484116285857,89.0,97.0,0.03538519964483641,0.00281665842501691,0.001435977144131212
ppg,0.1850422121826322,0.2221848272101059,89.0,97.0,0.03714261502747371,0.0050209998011170875,0.0032635844184797924
ppg,0.1767759320222565,0.2133078775918408,89.0,97.0,0.036531945569584306,0.0082662801603757,0.008876949618265101
ppg,0.1647132861585971,0.2044309279735757,89.0,97.0,0.03971764181497861,0.012062645863659405,0.008876949618265101
ppg,0.1508749208530793,0.1922903939368308,89.0,97.0,0.041415473083751514,0.013838365305517797,0.012140534036744893
ppg,0.1337300434834112,0.1780611658722588,89.0,97.0,0.044331122388847594,0.017144877369668104,0.014229228064572025
ppg,0.1337300434834112,0.1780611658722588,89.0,97.0,0.044331122388847594,0.0,0.0
ppg,0.1165851661137431,0.1626570474170341,89.0,97.0,0.046071881303291,0.01714487736966809,0.015404118455224686
ppg,0.1007261545468001,0.148427819352462,89.0,97.0,0.04770166480566189,0.015859011566943,0.014229228064572108
ppg,0.0860305453727988,0.1330237008972373,89.0,97.0,0.0469931555244385,0.014695609174001298,0.015404118455224686
ppg,0.0747026799678396,0.1245383814091898,89.0,97.0,0.0498357014413502,0.011327865404959211,0.00848531948804751
ppg,0.0663139363976805,0.1155308884141855,89.0,97.0,0.049216952016505,0.00838874357015909,0.009007492995004293
ppg,0.060619387842755,0.1092648063307042,89.0,97.0,0.048645418487949205,0.005694548554925502,0.0062660820834812975
ppg,0.0568842538443631,0.1061317652889636,89.0,97.0,0.0492475114446005,0.0037351339983918985,0.0031330410417406
ppg,0.1731632614336478,0.2063890786246636,89.0,97.0,0.033225817191015805,0.1162790075892847,0.1002573133357
ppg,0.1676524079933974,0.2028644074527054,89.0,97.0,0.035211999459308,0.005510853440250402,0.0035246711719582047
ppg,0.1590187376036717,0.1960761518622674,89.0,97.0,0.03705741425859571,0.008633670389725706,0.006788255590437997
ppg,0.1484256526574124,0.1878519191276983,89.0,97.0,0.03942626647028591,0.010593084946259296,0.008224232734569098
ppg,0.1355057629252697,0.1779306224955196,89.0,97.0,0.04242485957024991,0.012919889732142698,0.009921296632178694
ppg,0.1215449342099685,0.1660511752122531,89.0,97.0,0.044506241002284605,0.013960828715301202,0.011879447283266509
ppg,0.1080739591338007,0.1527357507848554,89.0,97.0,0.0446617916510547,0.01347097507616779,0.013315424427397693
ppg,0.0944805206478496,0.1419006505155024,89.0,97.0,0.0474201298676528,0.013593438485951098,0.010835100269352999
ppg,0.0833363503575653,0.1310655502461494,89.0,97.0,0.04772919988858411,0.011144170290284305,0.010835100269352999
ppg,0.0743352897384895,0.1217969704976668,89.0,97.0,0.0474616807591773,0.009001060619075796,0.009268579748482608
ppg,0.0675998022004056,0.1152698016607071,89.0,97.0,0.04766999946030151,0.006735487538083909,0.006527168836959696
ppg,0.0617827902356968,0.1074371990563555,89.0,97.0,0.0456544088206587,0.005817011964708796,0.007832602604351604
ppg,0.0573128757786048,0.1040430712611365,89.0,97.0,0.046730195482531704,0.004469914457092002,0.0033941277952189985
ppg,0.0537614368948878,0.0988213361915688,89.0,97.0,0.045059899296681,0.0035514388837169994,0.005221735069567704
ppg,0.0506386199454125,0.0952966650196106,89.0,97.0,0.04465804507419809,0.0031228169494752975,0.0035246711719582047
ppg,0.0487404370937707,0.0929468842383052,89.0,97.0,0.044206447144534505,0.001898182851641804,0.002349780781305391
ppg,0.0486179736839874,0.0917719938476524,89.0,97.0,0.043154020163665,0.00012246340978329384,0.0011748903906527997
ppg,0.0510060101747625,0.0924247107313484,89.0,97.0,0.041418700556585905,0.0023880364907750973,0.0006527168836960029
ppg,0.0552309978122879,0.0943828613824363,89.0,97.0,0.0391518635701484,0.0042249876375254,0.0019581506510878977
ppg,0.0612317048916718,0.099604596452004,89.0,97.0,0.0383728915603322,0.006000707079383896,0.00522173506956769
ppg,0.067905960724864,0.1048263315215717,89.0,97.0,0.036920370796707694,0.006674255833192207,0.005221735069567704
ppg,0.0740903629189228,0.1086120894470083,89.0,97.0,0.034521726528085495,0.006184402194058802,0.003785757925436603
ppg,0.07947875294939,0.1150087149072287,89.0,97.0,0.03552996195783871,0.005388390030467191,0.0063966254602204065
ppg,0.083397582062457,0.1187944728326653,89.0,97.0,0.0353968907702083,0.003918829113066999,0.003785757925436589
ppg,0.0867040941266072,0.12127479699071,89.0,97.0,0.0345707028641028,0.0033065120641502105,0.0024803241580447083
